2,0.2,0.09
3,0.39,0.1
4,0.3,0.12
6,0.52,0.22
7,0.19,0.02
11,0.7,0.23
13,0.34,0.16
14,0.14,0.01
15,0.9,0.3
16,0.25,0.1
17,0.11,0.03
18,0.6,0.34
19,0.45,0.25
20,0.18,0.03
21,0.14,0.08
22,0.1,0.05
23,0.07000000000000001,0.03
27,0.62,0.13
28,0.17,0.07000000000000001
29,0.24,0.04
31,0.36,0.27
32,0.59,0.23
33,0.23,0.09
34,0.59,0.26
35,0.33,0.09
36,0.31,0.17
39,0.27,0.11
40,0.2,0.23
41,0.37,0.1
42,0.37,0.23
43,0.18,0.07000000000000001
44,0.16,0.08
45,0.53,0.22
46,0.09,0.1
47,0.34,0
48,0.2,0.11
50,0.17,0.04
51,0.17,0.08
52,0.18,0.05
53,0.23,0.11
54,0.65,0.32
55,0.63,0.22
56,0.84,0.18
57,0.12,0.03
58,0.12,0.03
60,0.78,0.03
62,0.77,0.14
67,0.28,0.07000000000000001
70,0.66,0.2
74,0.68,0.27
75,0.47,0.11
76,0.68,0.36
77,0.61,0.28
78,0.71,0.26
79,0.39,0.32
82,0.54,0.27
83,0.2,0.1
84,0.11,0.07000000000000001
85,0.24,0.15
86,0.21,0.1
88,0.48,0.1
90,0.78,0.42
92,0.65,0.1
93,0.12,0.07000000000000001
94,0.3,0.16
95,0.42,0.31
96,0.38,0.15
97,0.15,0.09
98,0.34,0.08
101,0.22,0.15
102,0.05,0.03
104,0.38,0.25
105,0.31,0.26
106,0.43,0.16
107,0.28,0.12
108,0.02,0.01
109,0.08,0.03
110,0.39,0.3
112,0.25,0.13
114,0.08,0.03
115,0.22,0.07000000000000001
117,0.2,0.08
118,0.33,0.15
