2,0.2,0.09
3,0.39,0.1
4,0.3,0.12
6,0.52,0.22
7,0.19,0.02
11,0.7,0.23
13,0.34,0.16
14,0.14,0.01
15,0.9,0.3
16,0.25,0.1
17,0.11,0.03
18,0.6,0.34
19,0.45,0.25
20,0.18,0.03
21,0.14,0.08
22,0.1,0.05
23,0.07,0.03
27,0.62,0.13
28,0.17,0.07
29,0.24,0.04
31,0.36,0.27
32,0.59,0.23
33,0.23,0.09
34,0.59,0.26
35,0.33,0.09
36,0.31,0.17
39,0.27,0.11
40,0.2,0.23
41,0.37,0.1
42,0.37,0.23
43,0.18,0.07
44,0.16,0.08
45,0.53,0.22
46,0.09,0.1
47,0.34,0
48,0.2,0.11
50,0.17,0.04
51,0.17,0.08
52,0.18,0.05
53,0.23,0.11
54,0.65,0.32
55,0.63,0.22
56,0.84,0.18
57,0.12,0.03
58,0.12,0.03
60,0.78,0.03
62,0.77,0.14
67,0.28,0.07
70,0.66,0.2
74,0.68,0.27
75,0.47,0.11
76,0.68,0.36
77,0.61,0.28
78,0.71,0.26
79,0.39,0.32
82,0.54,0.27
83,0.2,0.1
84,0.11,0.07
85,0.24,0.15
86,0.21,0.1
88,0.48,0.1
90,0.78,0.42
92,0.65,0.1
93,0.12,0.07
94,0.3,0.16
95,0.42,0.31
96,0.38,0.15
97,0.15,0.09
98,0.34,0.08
101,0.22,0.15
102,0.05,0.03
104,0.38,0.25
105,0.31,0.26
106,0.43,0.16
107,0.28,0.12
108,0.02,0.01
109,0.08,0.03
110,0.39,0.3
112,0.25,0.13
114,0.08,0.03
115,0.22,0.07
117,0.2,0.08
118,0.33,0.15
120,0.2,0.09
121,0.39,0.1
122,0.3,0.12
124,0.52,0.22
125,0.19,0.02
129,0.7,0.23
131,0.34,0.16
132,0.14,0.01
133,0.9,0.3
134,0.25,0.1
135,0.11,0.03
136,0.6,0.34
137,0.45,0.25
138,0.18,0.03
139,0.14,0.08
140,0.1,0.05
141,0.07,0.03
145,0.62,0.13
146,0.17,0.07
147,0.24,0.04
149,0.36,0.27
150,0.59,0.23
151,0.23,0.09
152,0.59,0.26
153,0.33,0.09
154,0.31,0.17
157,0.27,0.11
158,0.2,0.23
159,0.37,0.1
160,0.37,0.23
161,0.18,0.07
162,0.16,0.08
163,0.53,0.22
164,0.09,0.1
165,0.34,0
166,0.2,0.11
168,0.17,0.04
169,0.17,0.08
170,0.18,0.05
171,0.23,0.11
172,0.65,0.32
173,0.63,0.22
174,0.84,0.18
175,0.12,0.03
176,0.12,0.03
178,0.78,0.03
180,0.77,0.14
185,0.28,0.07
188,0.66,0.2
192,0.68,0.27
193,0.47,0.11
194,0.68,0.36
195,0.61,0.28
196,0.71,0.26
197,0.39,0.32
200,0.54,0.27
201,0.2,0.1
202,0.11,0.07
203,0.24,0.15
204,0.21,0.1
206,0.48,0.1
208,0.78,0.42
210,0.65,0.1
211,0.12,0.07
212,0.3,0.16
213,0.42,0.31
214,0.38,0.15
215,0.15,0.09
216,0.34,0.08
219,0.22,0.15
220,0.05,0.03
222,0.38,0.25
223,0.31,0.26
224,0.43,0.16
225,0.28,0.12
226,0.02,0.01
227,0.08,0.03
228,0.39,0.3
230,0.25,0.13
232,0.08,0.03
233,0.22,0.07
235,0.2,0.08
236,0.33,0.15
238,0.2,0.09
239,0.39,0.1
240,0.3,0.12
242,0.52,0.22
243,0.19,0.02
247,0.7,0.23
249,0.34,0.16
250,0.14,0.01
251,0.9,0.3
252,0.25,0.1
253,0.11,0.03
254,0.6,0.34
255,0.45,0.25
256,0.18,0.03
257,0.14,0.08
258,0.1,0.05
259,0.07,0.03
263,0.62,0.13
264,0.17,0.07
265,0.24,0.04
267,0.36,0.27
268,0.59,0.23
269,0.23,0.09
270,0.59,0.26
271,0.33,0.09
272,0.31,0.17
275,0.27,0.11
276,0.2,0.23
277,0.37,0.1
278,0.37,0.23
279,0.18,0.07
280,0.16,0.08
281,0.53,0.22
282,0.09,0.1
283,0.34,0
284,0.2,0.11
286,0.17,0.04
287,0.17,0.08
288,0.18,0.05
289,0.23,0.11
290,0.65,0.32
291,0.63,0.22
292,0.84,0.18
293,0.12,0.03
294,0.12,0.03
296,0.78,0.03
298,0.77,0.14
303,0.28,0.07
306,0.66,0.2
310,0.68,0.27
311,0.47,0.11
312,0.68,0.36
313,0.61,0.28
314,0.71,0.26
315,0.39,0.32
318,0.54,0.27
319,0.2,0.1
320,0.11,0.07
321,0.24,0.15
322,0.21,0.1
324,0.48,0.1
326,0.78,0.42
328,0.65,0.1
329,0.12,0.07
330,0.3,0.16
331,0.42,0.31
332,0.38,0.15
333,0.15,0.09
334,0.34,0.08
337,0.22,0.15
338,0.05,0.03
340,0.38,0.25
341,0.31,0.26
342,0.43,0.16
343,0.28,0.12
344,0.02,0.01
345,0.08,0.03
346,0.39,0.3
348,0.25,0.13
350,0.08,0.03
351,0.22,0.07
353,0.2,0.08
354,0.33,0.15
356,0.2,0.09
357,0.39,0.1
358,0.3,0.12
360,0.52,0.22
361,0.19,0.02
365,0.7,0.23
367,0.34,0.16
368,0.14,0.01
369,0.9,0.3
370,0.25,0.1
371,0.11,0.03
372,0.6,0.34
373,0.45,0.25
374,0.18,0.03
375,0.14,0.08
376,0.1,0.05
377,0.07,0.03
381,0.62,0.13
382,0.17,0.07
383,0.24,0.04
385,0.36,0.27
386,0.59,0.23
387,0.23,0.09
388,0.59,0.26
389,0.33,0.09
390,0.31,0.17
393,0.27,0.11
394,0.2,0.23
395,0.37,0.1
396,0.37,0.23
397,0.18,0.07
398,0.16,0.08
399,0.53,0.22
400,0.09,0.1
401,0.34,0
402,0.2,0.11
404,0.17,0.04
405,0.17,0.08
406,0.18,0.05
407,0.23,0.11
408,0.65,0.32
409,0.63,0.22
410,0.84,0.18
411,0.12,0.03
412,0.12,0.03
414,0.78,0.03
416,0.77,0.14
421,0.28,0.07
424,0.66,0.2
428,0.68,0.27
429,0.47,0.11
430,0.68,0.36
431,0.61,0.28
432,0.71,0.26
433,0.39,0.32
436,0.54,0.27
437,0.2,0.1
438,0.11,0.07
439,0.24,0.15
440,0.21,0.1
442,0.48,0.1
444,0.78,0.42
446,0.65,0.1
447,0.12,0.07
448,0.3,0.16
449,0.42,0.31
450,0.38,0.15
451,0.15,0.09
452,0.34,0.08
455,0.22,0.15
456,0.05,0.03
458,0.38,0.25
459,0.31,0.26
460,0.43,0.16
461,0.28,0.12
462,0.02,0.01
463,0.08,0.03
464,0.39,0.3
466,0.25,0.13
468,0.08,0.03
469,0.22,0.07
471,0.2,0.08
472,0.33,0.15
474,0.2,0.09
475,0.39,0.1
476,0.3,0.12
478,0.52,0.22
479,0.19,0.02
483,0.7,0.23
485,0.34,0.16
486,0.14,0.01
487,0.9,0.3
488,0.25,0.1
489,0.11,0.03
490,0.6,0.34
491,0.45,0.25
492,0.18,0.03
493,0.14,0.08
494,0.1,0.05
495,0.07,0.03
499,0.62,0.13
500,0.17,0.07
501,0.24,0.04
503,0.36,0.27
504,0.59,0.23
505,0.23,0.09
506,0.59,0.26
507,0.33,0.09
508,0.31,0.17
511,0.27,0.11
512,0.2,0.23
513,0.37,0.1
514,0.37,0.23
515,0.18,0.07
516,0.16,0.08
517,0.53,0.22
518,0.09,0.1
519,0.34,0
520,0.2,0.11
522,0.17,0.04
523,0.17,0.08
524,0.18,0.05
525,0.23,0.11
526,0.65,0.32
527,0.63,0.22
528,0.84,0.18
529,0.12,0.03
530,0.12,0.03
532,0.78,0.03
534,0.77,0.14
539,0.28,0.07
542,0.66,0.2
546,0.68,0.27
547,0.47,0.11
548,0.68,0.36
549,0.61,0.28
550,0.71,0.26
551,0.39,0.32
554,0.54,0.27
555,0.2,0.1
556,0.11,0.07
557,0.24,0.15
558,0.21,0.1
560,0.48,0.1
562,0.78,0.42
564,0.65,0.1
565,0.12,0.07
566,0.3,0.16
567,0.42,0.31
568,0.38,0.15
569,0.15,0.09
570,0.34,0.08
573,0.22,0.15
574,0.05,0.03
576,0.38,0.25
577,0.31,0.26
578,0.43,0.16
579,0.28,0.12
580,0.02,0.01
581,0.08,0.03
582,0.39,0.3
584,0.25,0.13
586,0.08,0.03
587,0.22,0.07
589,0.2,0.08
590,0.33,0.15
592,0.2,0.09
593,0.39,0.1
594,0.3,0.12
596,0.52,0.22
597,0.19,0.02
601,0.7,0.23
603,0.34,0.16
604,0.14,0.01
605,0.9,0.3
606,0.25,0.1
607,0.11,0.03
608,0.6,0.34
609,0.45,0.25
610,0.18,0.03
611,0.14,0.08
612,0.1,0.05
613,0.07,0.03
617,0.62,0.13
618,0.17,0.07
619,0.24,0.04
621,0.36,0.27
622,0.59,0.23
623,0.23,0.09
624,0.59,0.26
625,0.33,0.09
626,0.31,0.17
629,0.27,0.11
630,0.2,0.23
631,0.37,0.1
632,0.37,0.23
633,0.18,0.07
634,0.16,0.08
635,0.53,0.22
636,0.09,0.1
637,0.34,0
638,0.2,0.11
640,0.17,0.04
641,0.17,0.08
642,0.18,0.05
643,0.23,0.11
644,0.65,0.32
645,0.63,0.22
646,0.84,0.18
647,0.12,0.03
648,0.12,0.03
650,0.78,0.03
652,0.77,0.14
657,0.28,0.07
660,0.66,0.2
664,0.68,0.27
665,0.47,0.11
666,0.68,0.36
667,0.61,0.28
668,0.71,0.26
669,0.39,0.32
672,0.54,0.27
673,0.2,0.1
674,0.11,0.07
675,0.24,0.15
676,0.21,0.1
678,0.48,0.1
680,0.78,0.42
682,0.65,0.1
683,0.12,0.07
684,0.3,0.16
685,0.42,0.31
686,0.38,0.15
687,0.15,0.09
688,0.34,0.08
691,0.22,0.15
692,0.05,0.03
694,0.38,0.25
695,0.31,0.26
696,0.43,0.16
697,0.28,0.12
698,0.02,0.01
699,0.08,0.03
700,0.39,0.3
702,0.25,0.13
704,0.08,0.03
705,0.22,0.07
707,0.2,0.08
708,0.33,0.15
710,0.2,0.09
711,0.39,0.1
712,0.3,0.12
714,0.52,0.22
715,0.19,0.02
719,0.7,0.23
721,0.34,0.16
722,0.14,0.01
723,0.9,0.3
724,0.25,0.1
725,0.11,0.03
726,0.6,0.34
727,0.45,0.25
728,0.18,0.03
729,0.14,0.08
730,0.1,0.05
731,0.07,0.03
735,0.62,0.13
736,0.17,0.07
737,0.24,0.04
739,0.36,0.27
740,0.59,0.23
741,0.23,0.09
742,0.59,0.26
743,0.33,0.09
744,0.31,0.17
747,0.27,0.11
748,0.2,0.23
749,0.37,0.1
750,0.37,0.23
751,0.18,0.07
752,0.16,0.08
753,0.53,0.22
754,0.09,0.1
755,0.34,0
756,0.2,0.11
758,0.17,0.04
759,0.17,0.08
760,0.18,0.05
761,0.23,0.11
762,0.65,0.32
763,0.63,0.22
764,0.84,0.18
765,0.12,0.03
766,0.12,0.03
768,0.78,0.03
770,0.77,0.14
775,0.28,0.07
778,0.66,0.2
782,0.68,0.27
783,0.47,0.11
784,0.68,0.36
785,0.61,0.28
786,0.71,0.26
787,0.39,0.32
790,0.54,0.27
791,0.2,0.1
792,0.11,0.07
793,0.24,0.15
794,0.21,0.1
796,0.48,0.1
798,0.78,0.42
800,0.65,0.1
801,0.12,0.07
802,0.3,0.16
803,0.42,0.31
804,0.38,0.15
805,0.15,0.09
806,0.34,0.08
809,0.22,0.15
810,0.05,0.03
812,0.38,0.25
813,0.31,0.26
814,0.43,0.16
815,0.28,0.12
816,0.02,0.01
817,0.08,0.03
818,0.39,0.3
820,0.25,0.13
822,0.08,0.03
823,0.22,0.07
825,0.2,0.08
826,0.33,0.15
828,0.2,0.09
829,0.39,0.1
830,0.3,0.12
832,0.52,0.22
833,0.19,0.02
837,0.7,0.23
839,0.34,0.16
840,0.14,0.01
841,0.9,0.3
842,0.25,0.1
843,0.11,0.03
844,0.6,0.34
845,0.45,0.25
846,0.18,0.03
847,0.14,0.08
848,0.1,0.05
849,0.07,0.03
853,0.62,0.13
854,0.17,0.07
855,0.24,0.04
857,0.36,0.27
858,0.59,0.23
859,0.23,0.09
860,0.59,0.26
861,0.33,0.09
862,0.31,0.17
865,0.27,0.11
866,0.2,0.23
867,0.37,0.1
868,0.37,0.23
869,0.18,0.07
870,0.16,0.08
871,0.53,0.22
872,0.09,0.1
873,0.34,0
874,0.2,0.11
876,0.17,0.04
877,0.17,0.08
878,0.18,0.05
879,0.23,0.11
880,0.65,0.32
881,0.63,0.22
882,0.84,0.18
883,0.12,0.03
884,0.12,0.03
886,0.78,0.03
888,0.77,0.14
893,0.28,0.07
896,0.66,0.2
900,0.68,0.27
901,0.47,0.11
902,0.68,0.36
903,0.61,0.28
904,0.71,0.26
905,0.39,0.32
908,0.54,0.27
909,0.2,0.1
910,0.11,0.07
911,0.24,0.15
912,0.21,0.1
914,0.48,0.1
916,0.78,0.42
918,0.65,0.1
919,0.12,0.07
920,0.3,0.16
921,0.42,0.31
922,0.38,0.15
923,0.15,0.09
924,0.34,0.08
927,0.22,0.15
928,0.05,0.03
930,0.38,0.25
931,0.31,0.26
932,0.43,0.16
933,0.28,0.12
934,0.02,0.01
935,0.08,0.03
936,0.39,0.3
938,0.25,0.13
940,0.08,0.03
941,0.22,0.07
943,0.2,0.08
944,0.33,0.15
946,0.2,0.09
947,0.39,0.1
948,0.3,0.12
950,0.52,0.22
951,0.19,0.02
955,0.7,0.23
957,0.34,0.16
958,0.14,0.01
959,0.9,0.3
960,0.25,0.1
961,0.11,0.03
962,0.6,0.34
963,0.45,0.25
964,0.18,0.03
965,0.14,0.08
966,0.1,0.05
967,0.07,0.03
971,0.62,0.13
972,0.17,0.07
973,0.24,0.04
975,0.36,0.27
976,0.59,0.23
977,0.23,0.09
978,0.59,0.26
979,0.33,0.09
980,0.31,0.17
983,0.27,0.11
984,0.2,0.23
985,0.37,0.1
986,0.37,0.23
987,0.18,0.07
988,0.16,0.08
989,0.53,0.22
990,0.09,0.1
991,0.34,0
992,0.2,0.11
994,0.17,0.04
995,0.17,0.08
996,0.18,0.05
997,0.23,0.11
998,0.65,0.32
999,0.63,0.22
1000,0.84,0.18
1001,0.12,0.03
1002,0.12,0.03
1004,0.78,0.03
1006,0.77,0.14
1011,0.28,0.07
1014,0.66,0.2
1018,0.68,0.27
1019,0.47,0.11
1020,0.68,0.36
1021,0.61,0.28
1022,0.71,0.26
1023,0.39,0.32
1026,0.54,0.27
1027,0.2,0.1
1028,0.11,0.07
1029,0.24,0.15
1030,0.21,0.1
1032,0.48,0.1
1034,0.78,0.42
1036,0.65,0.1
1037,0.12,0.07
1038,0.3,0.16
1039,0.42,0.31
1040,0.38,0.15
1041,0.15,0.09
1042,0.34,0.08
1045,0.22,0.15
1046,0.05,0.03
1048,0.38,0.25
1049,0.31,0.26
1050,0.43,0.16
1051,0.28,0.12
1052,0.02,0.01
1053,0.08,0.03
1054,0.39,0.3
1056,0.25,0.13
1058,0.08,0.03
1059,0.22,0.07
1061,0.2,0.08
1062,0.33,0.15
1064,0.2,0.09
1065,0.39,0.1
1066,0.3,0.12
1068,0.52,0.22
1069,0.19,0.02
1073,0.7,0.23
1075,0.34,0.16
1076,0.14,0.01
1077,0.9,0.3
1078,0.25,0.1
1079,0.11,0.03
1080,0.6,0.34
1081,0.45,0.25
1082,0.18,0.03
1083,0.14,0.08
1084,0.1,0.05
1085,0.07,0.03
1089,0.62,0.13
1090,0.17,0.07
1091,0.24,0.04
1093,0.36,0.27
1094,0.59,0.23
1095,0.23,0.09
1096,0.59,0.26
1097,0.33,0.09
1098,0.31,0.17
1101,0.27,0.11
1102,0.2,0.23
1103,0.37,0.1
1104,0.37,0.23
1105,0.18,0.07
1106,0.16,0.08
1107,0.53,0.22
1108,0.09,0.1
1109,0.34,0
1110,0.2,0.11
1112,0.17,0.04
1113,0.17,0.08
1114,0.18,0.05
1115,0.23,0.11
1116,0.65,0.32
1117,0.63,0.22
1118,0.84,0.18
1119,0.12,0.03
1120,0.12,0.03
1122,0.78,0.03
1124,0.77,0.14
1129,0.28,0.07
1132,0.66,0.2
1136,0.68,0.27
1137,0.47,0.11
1138,0.68,0.36
1139,0.61,0.28
1140,0.71,0.26
1141,0.39,0.32
1144,0.54,0.27
1145,0.2,0.1
1146,0.11,0.07
1147,0.24,0.15
1148,0.21,0.1
1150,0.48,0.1
1152,0.78,0.42
1154,0.65,0.1
1155,0.12,0.07
1156,0.3,0.16
1157,0.42,0.31
1158,0.38,0.15
1159,0.15,0.09
1160,0.34,0.08
1163,0.22,0.15
1164,0.05,0.03
1166,0.38,0.25
1167,0.31,0.26
1168,0.43,0.16
1169,0.28,0.12
1170,0.02,0.01
1171,0.08,0.03
1172,0.39,0.3
1174,0.25,0.13
1176,0.08,0.03
1177,0.22,0.07
1179,0.2,0.08
1180,0.33,0.15
