1,1.5071,1.05
10,1.7675,1.05
12,0.575,1
25,1.4571,1.05
26,3.03,1.02
49,1.3618,1.02
59,2.0367,1
61,2.0961,1
65,3.3895,1
66,1.9711,1.05
69,2.3444,1.03
80,2.6035,1.04
89,3.5458,1
100,1.6879,1.02
111,0.4992,1
119,1.5071,1.05
128,1.7675,1.05
130,0.575,1
143,1.4571,1.05
144,3.03,1.02
167,1.3618,1.02
177,2.0367,1
179,2.0961,1
183,3.3895,1
184,1.9711,1.05
187,2.3444,1.03
198,2.6035,1.04
207,3.5458,1
218,1.6879,1.02
229,0.4992,1
237,1.5071,1.05
246,1.7675,1.05
248,0.575,1
261,1.4571,1.05
262,3.03,1.02
285,1.3618,1.02
295,2.0367,1
297,2.0961,1
301,3.3895,1
302,1.9711,1.05
305,2.3444,1.03
316,2.6035,1.04
325,3.5458,1
336,1.6879,1.02
347,0.4992,1
355,1.5071,1.05
364,1.7675,1.05
366,0.575,1
379,1.4571,1.05
380,3.03,1.02
403,1.3618,1.02
413,2.0367,1
415,2.0961,1
419,3.3895,1
420,1.9711,1.05
423,2.3444,1.03
434,2.6035,1.04
443,3.5458,1
454,1.6879,1.02
465,0.4992,1
473,1.5071,1.05
482,1.7675,1.05
484,0.575,1
497,1.4571,1.05
498,3.03,1.02
521,1.3618,1.02
531,2.0367,1
533,2.0961,1
537,3.3895,1
538,1.9711,1.05
541,2.3444,1.03
552,2.6035,1.04
561,3.5458,1
572,1.6879,1.02
583,0.4992,1
591,1.5071,1.05
600,1.7675,1.05
602,0.575,1
615,1.4571,1.05
616,3.03,1.02
639,1.3618,1.02
649,2.0367,1
651,2.0961,1
655,3.3895,1
656,1.9711,1.05
659,2.3444,1.03
670,2.6035,1.04
679,3.5458,1
690,1.6879,1.02
701,0.4992,1
709,1.5071,1.05
718,1.7675,1.05
720,0.575,1
733,1.4571,1.05
734,3.03,1.02
757,1.3618,1.02
767,2.0367,1
769,2.0961,1
773,3.3895,1
774,1.9711,1.05
777,2.3444,1.03
788,2.6035,1.04
797,3.5458,1
808,1.6879,1.02
819,0.4992,1
827,1.5071,1.05
836,1.7675,1.05
838,0.575,1
851,1.4571,1.05
852,3.03,1.02
875,1.3618,1.02
885,2.0367,1
887,2.0961,1
891,3.3895,1
892,1.9711,1.05
895,2.3444,1.03
906,2.6035,1.04
915,3.5458,1
926,1.6879,1.02
937,0.4992,1
945,1.5071,1.05
954,1.7675,1.05
956,0.575,1
969,1.4571,1.05
970,3.03,1.02
993,1.3618,1.02
1003,2.0367,1
1005,2.0961,1
1009,3.3895,1
1010,1.9711,1.05
1013,2.3444,1.03
1024,2.6035,1.04
1033,3.5458,1
1044,1.6879,1.02
1055,0.4992,1
1063,1.5071,1.05
1072,1.7675,1.05
1074,0.575,1
1087,1.4571,1.05
1088,3.03,1.02
1111,1.3618,1.02
1121,2.0367,1
1123,2.0961,1
1127,3.3895,1
1128,1.9711,1.05
1131,2.3444,1.03
1142,2.6035,1.04
1151,3.5458,1
1162,1.6879,1.02
1173,0.4992,1
