1,2,0.0303,0.0999,0.0254
1,3,0.0129,0.0424,0.01082
4,5,0.00176,0.00798,0.0021
3,5,0.0241,0.108,0.0284
5,6,0.0119,0.054,0.01426
6,7,0.00459,0.0208,0.0055
8,9,0.00244,0.0305,1.162
8,5,0,0.0267,0
9,10,0.00258,0.0322,1.23
4,11,0.0209,0.0688,0.01748
5,11,0.0203,0.0682,0.01738
11,12,0.00595,0.0196,0.00502
2,12,0.0187,0.0616,0.01572
3,12,0.0484,0.16,0.0406
7,12,0.00862,0.034,0.00874
11,13,0.02225,0.0731,0.01876
12,14,0.0215,0.0707,0.01816
13,15,0.0744,0.2444,0.06268
14,15,0.0595,0.195,0.0502
12,16,0.0212,0.0834,0.0214
15,17,0.0132,0.0437,0.0444
16,17,0.0454,0.1801,0.0466
17,18,0.0123,0.0505,0.01298
18,19,0.01119,0.0493,0.01142
19,20,0.0252,0.117,0.0298
15,19,0.012,0.0394,0.0101
20,21,0.0183,0.0849,0.0216
21,22,0.0209,0.097,0.0246
22,23,0.0342,0.159,0.0404
23,24,0.0135,0.0492,0.0498
23,25,0.0156,0.08,0.0864
26,25,0,0.0382,0
25,27,0.0318,0.163,0.1764
27,28,0.01913,0.0855,0.0216
28,29,0.0237,0.0943,0.0238
30,17,0,0.0388,0
8,30,0.00431,0.0504,0.514
26,30,0.00799,0.086,0.908
17,31,0.0474,0.1563,0.0399
29,31,0.0108,0.0331,0.0083
23,32,0.0317,0.1153,0.1173
31,32,0.0298,0.0985,0.0251
27,32,0.0229,0.0755,0.01926
15,33,0.038,0.1244,0.03194
19,34,0.0752,0.247,0.0632
35,36,0.00224,0.0102,0.00268
35,37,0.011,0.0497,0.01318
33,37,0.0415,0.142,0.0366
34,36,0.00871,0.0268,0.00568
34,37,0.00256,0.0094,0.00984
38,37,0,0.0375,0
37,39,0.0321,0.106,0.027
37,40,0.0593,0.168,0.042
30,38,0.00464,0.054,0.422
39,40,0.0184,0.0605,0.01552
40,41,0.0145,0.0487,0.01222
40,42,0.0555,0.183,0.0466
41,42,0.041,0.135,0.0344
43,44,0.0608,0.2454,0.06068
34,43,0.0413,0.1681,0.04226
44,45,0.0224,0.0901,0.0224
45,46,0.04,0.1356,0.0332
46,47,0.038,0.127,0.0316
46,48,0.0601,0.189,0.0472
47,49,0.0191,0.0625,0.01604
42,49,0.0715,0.323,0.086
42,49,0.0715,0.323,0.086
45,49,0.0684,0.186,0.0444
48,49,0.0179,0.0505,0.01258
49,50,0.0267,0.0752,0.01874
49,51,0.0486,0.137,0.0342
51,52,0.0203,0.0588,0.01396
52,53,0.0405,0.1635,0.04058
53,54,0.0263,0.122,0.031
49,54,0.073,0.289,0.0738
49,54,0.0869,0.291,0.073
54,55,0.0169,0.0707,0.0202
54,56,0.00275,0.00955,0.00732
55,56,0.00488,0.0151,0.00374
56,57,0.0343,0.0966,0.0242
50,57,0.0474,0.134,0.0332
56,58,0.0343,0.0966,0.0242
51,58,0.0255,0.0719,0.01788
54,59,0.0503,0.2293,0.0598
56,59,0.0825,0.251,0.0569
56,59,0.0803,0.239,0.0536
55,59,0.04739,0.2158,0.05646
59,60,0.0317,0.145,0.0376
59,61,0.0328,0.15,0.0388
60,61,0.00264,0.0135,0.01456
60,62,0.0123,0.0561,0.01468
61,62,0.00824,0.0376,0.0098
63,59,0,0.0386,0
63,64,0.00172,0.02,0.216
64,61,0,0.0268,0
38,65,0.00901,0.0986,1.046
64,65,0.00269,0.0302,0.38
49,66,0.018,0.0919,0.0248
49,66,0.018,0.0919,0.0248
62,66,0.0482,0.218,0.0578
62,67,0.0258,0.117,0.031
65,66,0,0.037,0
66,67,0.0224,0.1015,0.02682
65,68,0.00138,0.016,0.638
47,69,0.0844,0.2778,0.07092
49,69,0.0985,0.324,0.0828
68,69,0,0.037,0
69,70,0.03,0.127,0.122
24,70,0.00221,0.4115,0.10198
70,71,0.00882,0.0355,0.00878
24,72,0.0488,0.196,0.0488
71,72,0.0446,0.18,0.04444
71,73,0.00866,0.0454,0.01178
70,74,0.0401,0.1323,0.03368
70,75,0.0428,0.141,0.036
69,75,0.0405,0.122,0.124
74,75,0.0123,0.0406,0.01034
76,77,0.0444,0.148,0.0368
69,77,0.0309,0.101,0.1038
75,77,0.0601,0.1999,0.04978
77,78,0.00376,0.0124,0.01264
78,79,0.00546,0.0244,0.00648
77,80,0.017,0.0485,0.0472
77,80,0.0294,0.105,0.0228
79,80,0.0156,0.0704,0.0187
68,81,0.00175,0.0202,0.808
81,80,0,0.037,0
77,82,0.0298,0.0853,0.08174
82,83,0.0112,0.03665,0.03796
83,84,0.0625,0.132,0.0258
83,85,0.043,0.148,0.0348
84,85,0.0302,0.0641,0.01234
85,86,0.035,0.123,0.0276
86,87,0.02828,0.2074,0.0445
85,88,0.02,0.102,0.0276
85,89,0.0239,0.173,0.047
88,89,0.0139,0.0712,0.01934
89,90,0.0518,0.188,0.0528
89,90,0.0238,0.0997,0.106
90,91,0.0254,0.0836,0.0214
89,92,0.0099,0.0505,0.0548
89,92,0.0393,0.1581,0.0414
91,92,0.0387,0.1272,0.03268
92,93,0.0258,0.0848,0.0218
92,94,0.0481,0.158,0.0406
93,94,0.0223,0.0732,0.01876
94,95,0.0132,0.0434,0.0111
80,96,0.0356,0.182,0.0494
82,96,0.0162,0.053,0.0544
94,96,0.0269,0.0869,0.023
80,97,0.0183,0.0934,0.0254
80,98,0.0238,0.108,0.0286
80,99,0.0454,0.206,0.0546
92,100,0.0648,0.295,0.0472
94,100,0.0178,0.058,0.0604
95,96,0.0171,0.0547,0.01474
96,97,0.0173,0.0885,0.024
98,100,0.0397,0.179,0.0476
99,100,0.018,0.0813,0.0216
100,101,0.0277,0.1262,0.0328
92,102,0.0123,0.0559,0.01464
101,102,0.0246,0.112,0.0294
100,103,0.016,0.0525,0.0536
100,104,0.0451,0.204,0.0541
103,104,0.0466,0.1584,0.0407
103,105,0.0535,0.1625,0.0408
100,106,0.0605,0.229,0.062
104,105,0.00994,0.0378,0.00986
105,106,0.014,0.0547,0.01434
105,107,0.053,0.183,0.0472
105,108,0.0261,0.0703,0.01844
106,107,0.053,0.183,0.0472
108,109,0.0105,0.0288,0.0076
103,110,0.03906,0.1813,0.0461
109,110,0.0278,0.0762,0.0202
110,111,0.022,0.0755,0.02
110,112,0.0247,0.064,0.062
17,113,0.00913,0.0301,0.00768
32,113,0.0615,0.203,0.0518
32,114,0.0135,0.0612,0.01628
27,115,0.0164,0.0741,0.01972
114,115,0.0023,0.0104,0.00276
68,116,0.00034,0.00405,0.164
12,117,0.0329,0.14,0.0358
75,118,0.0145,0.0481,0.01198
76,118,0.0164,0.0544,0.01356
119,120,0.0303,0.0999,0.0254
119,121,0.0129,0.0424,0.01082
122,123,0.00176,0.00798,0.0021
121,123,0.0241,0.108,0.0284
123,124,0.0119,0.054,0.01426
124,125,0.00459,0.0208,0.0055
126,127,0.00244,0.0305,1.162
126,123,0,0.0267,0
127,128,0.00258,0.0322,1.23
122,129,0.0209,0.0688,0.01748
123,129,0.0203,0.0682,0.01738
129,130,0.00595,0.0196,0.00502
120,130,0.0187,0.0616,0.01572
121,130,0.0484,0.16,0.0406
125,130,0.00862,0.034,0.00874
129,131,0.02225,0.0731,0.01876
130,132,0.0215,0.0707,0.01816
131,133,0.0744,0.2444,0.06268
132,133,0.0595,0.195,0.0502
130,134,0.0212,0.0834,0.0214
133,135,0.0132,0.0437,0.0444
134,135,0.0454,0.1801,0.0466
135,136,0.0123,0.0505,0.01298
136,137,0.01119,0.0493,0.01142
137,138,0.0252,0.117,0.0298
133,137,0.012,0.0394,0.0101
138,139,0.0183,0.0849,0.0216
139,140,0.0209,0.097,0.0246
140,141,0.0342,0.159,0.0404
141,142,0.0135,0.0492,0.0498
141,143,0.0156,0.08,0.0864
144,143,0,0.0382,0
143,145,0.0318,0.163,0.1764
145,146,0.01913,0.0855,0.0216
146,147,0.0237,0.0943,0.0238
148,135,0,0.0388,0
126,148,0.00431,0.0504,0.514
144,148,0.00799,0.086,0.908
135,149,0.0474,0.1563,0.0399
147,149,0.0108,0.0331,0.0083
141,150,0.0317,0.1153,0.1173
149,150,0.0298,0.0985,0.0251
145,150,0.0229,0.0755,0.01926
133,151,0.038,0.1244,0.03194
137,152,0.0752,0.247,0.0632
153,154,0.00224,0.0102,0.00268
153,155,0.011,0.0497,0.01318
151,155,0.0415,0.142,0.0366
152,154,0.00871,0.0268,0.00568
152,155,0.00256,0.0094,0.00984
156,155,0,0.0375,0
155,157,0.0321,0.106,0.027
155,158,0.0593,0.168,0.042
148,156,0.00464,0.054,0.422
157,158,0.0184,0.0605,0.01552
158,159,0.0145,0.0487,0.01222
158,160,0.0555,0.183,0.0466
159,160,0.041,0.135,0.0344
161,162,0.0608,0.2454,0.06068
152,161,0.0413,0.1681,0.04226
162,163,0.0224,0.0901,0.0224
163,164,0.04,0.1356,0.0332
164,165,0.038,0.127,0.0316
164,166,0.0601,0.189,0.0472
165,167,0.0191,0.0625,0.01604
160,167,0.0715,0.323,0.086
160,167,0.0715,0.323,0.086
163,167,0.0684,0.186,0.0444
166,167,0.0179,0.0505,0.01258
167,168,0.0267,0.0752,0.01874
167,169,0.0486,0.137,0.0342
169,170,0.0203,0.0588,0.01396
170,171,0.0405,0.1635,0.04058
171,172,0.0263,0.122,0.031
167,172,0.073,0.289,0.0738
167,172,0.0869,0.291,0.073
172,173,0.0169,0.0707,0.0202
172,174,0.00275,0.00955,0.00732
173,174,0.00488,0.0151,0.00374
174,175,0.0343,0.0966,0.0242
168,175,0.0474,0.134,0.0332
174,176,0.0343,0.0966,0.0242
169,176,0.0255,0.0719,0.01788
172,177,0.0503,0.2293,0.0598
174,177,0.0825,0.251,0.0569
174,177,0.0803,0.239,0.0536
173,177,0.04739,0.2158,0.05646
177,178,0.0317,0.145,0.0376
177,179,0.0328,0.15,0.0388
178,179,0.00264,0.0135,0.01456
178,180,0.0123,0.0561,0.01468
179,180,0.00824,0.0376,0.0098
181,177,0,0.0386,0
181,182,0.00172,0.02,0.216
182,179,0,0.0268,0
156,183,0.00901,0.0986,1.046
182,183,0.00269,0.0302,0.38
167,184,0.018,0.0919,0.0248
167,184,0.018,0.0919,0.0248
180,184,0.0482,0.218,0.0578
180,185,0.0258,0.117,0.031
183,184,0,0.037,0
184,185,0.0224,0.1015,0.02682
183,186,0.00138,0.016,0.638
165,187,0.0844,0.2778,0.07092
167,187,0.0985,0.324,0.0828
186,187,0,0.037,0
187,188,0.03,0.127,0.122
142,188,0.00221,0.4115,0.10198
188,189,0.00882,0.0355,0.00878
142,190,0.0488,0.196,0.0488
189,190,0.0446,0.18,0.04444
189,191,0.00866,0.0454,0.01178
188,192,0.0401,0.1323,0.03368
188,193,0.0428,0.141,0.036
187,193,0.0405,0.122,0.124
192,193,0.0123,0.0406,0.01034
194,195,0.0444,0.148,0.0368
187,195,0.0309,0.101,0.1038
193,195,0.0601,0.1999,0.04978
195,196,0.00376,0.0124,0.01264
196,197,0.00546,0.0244,0.00648
195,198,0.017,0.0485,0.0472
195,198,0.0294,0.105,0.0228
197,198,0.0156,0.0704,0.0187
186,199,0.00175,0.0202,0.808
199,198,0,0.037,0
195,200,0.0298,0.0853,0.08174
200,201,0.0112,0.03665,0.03796
201,202,0.0625,0.132,0.0258
201,203,0.043,0.148,0.0348
202,203,0.0302,0.0641,0.01234
203,204,0.035,0.123,0.0276
204,205,0.02828,0.2074,0.0445
203,206,0.02,0.102,0.0276
203,207,0.0239,0.173,0.047
206,207,0.0139,0.0712,0.01934
207,208,0.0518,0.188,0.0528
207,208,0.0238,0.0997,0.106
208,209,0.0254,0.0836,0.0214
207,210,0.0099,0.0505,0.0548
207,210,0.0393,0.1581,0.0414
209,210,0.0387,0.1272,0.03268
210,211,0.0258,0.0848,0.0218
210,212,0.0481,0.158,0.0406
211,212,0.0223,0.0732,0.01876
212,213,0.0132,0.0434,0.0111
198,214,0.0356,0.182,0.0494
200,214,0.0162,0.053,0.0544
212,214,0.0269,0.0869,0.023
198,215,0.0183,0.0934,0.0254
198,216,0.0238,0.108,0.0286
198,217,0.0454,0.206,0.0546
210,218,0.0648,0.295,0.0472
212,218,0.0178,0.058,0.0604
213,214,0.0171,0.0547,0.01474
214,215,0.0173,0.0885,0.024
216,218,0.0397,0.179,0.0476
217,218,0.018,0.0813,0.0216
218,219,0.0277,0.1262,0.0328
210,220,0.0123,0.0559,0.01464
219,220,0.0246,0.112,0.0294
218,221,0.016,0.0525,0.0536
218,222,0.0451,0.204,0.0541
221,222,0.0466,0.1584,0.0407
221,223,0.0535,0.1625,0.0408
218,224,0.0605,0.229,0.062
222,223,0.00994,0.0378,0.00986
223,224,0.014,0.0547,0.01434
223,225,0.053,0.183,0.0472
223,226,0.0261,0.0703,0.01844
224,225,0.053,0.183,0.0472
226,227,0.0105,0.0288,0.0076
221,228,0.03906,0.1813,0.0461
227,228,0.0278,0.0762,0.0202
228,229,0.022,0.0755,0.02
228,230,0.0247,0.064,0.062
135,231,0.00913,0.0301,0.00768
150,231,0.0615,0.203,0.0518
150,232,0.0135,0.0612,0.01628
145,233,0.0164,0.0741,0.01972
232,233,0.0023,0.0104,0.00276
186,234,0.00034,0.00405,0.164
130,235,0.0329,0.14,0.0358
193,236,0.0145,0.0481,0.01198
194,236,0.0164,0.0544,0.01356
237,238,0.0303,0.0999,0.0254
237,239,0.0129,0.0424,0.01082
240,241,0.00176,0.00798,0.0021
239,241,0.0241,0.108,0.0284
241,242,0.0119,0.054,0.01426
242,243,0.00459,0.0208,0.0055
244,245,0.00244,0.0305,1.162
244,241,0,0.0267,0
245,246,0.00258,0.0322,1.23
240,247,0.0209,0.0688,0.01748
241,247,0.0203,0.0682,0.01738
247,248,0.00595,0.0196,0.00502
238,248,0.0187,0.0616,0.01572
239,248,0.0484,0.16,0.0406
243,248,0.00862,0.034,0.00874
247,249,0.02225,0.0731,0.01876
248,250,0.0215,0.0707,0.01816
249,251,0.0744,0.2444,0.06268
250,251,0.0595,0.195,0.0502
248,252,0.0212,0.0834,0.0214
251,253,0.0132,0.0437,0.0444
252,253,0.0454,0.1801,0.0466
253,254,0.0123,0.0505,0.01298
254,255,0.01119,0.0493,0.01142
255,256,0.0252,0.117,0.0298
251,255,0.012,0.0394,0.0101
256,257,0.0183,0.0849,0.0216
257,258,0.0209,0.097,0.0246
258,259,0.0342,0.159,0.0404
259,260,0.0135,0.0492,0.0498
259,261,0.0156,0.08,0.0864
262,261,0,0.0382,0
261,263,0.0318,0.163,0.1764
263,264,0.01913,0.0855,0.0216
264,265,0.0237,0.0943,0.0238
266,253,0,0.0388,0
244,266,0.00431,0.0504,0.514
262,266,0.00799,0.086,0.908
253,267,0.0474,0.1563,0.0399
265,267,0.0108,0.0331,0.0083
259,268,0.0317,0.1153,0.1173
267,268,0.0298,0.0985,0.0251
263,268,0.0229,0.0755,0.01926
251,269,0.038,0.1244,0.03194
255,270,0.0752,0.247,0.0632
271,272,0.00224,0.0102,0.00268
271,273,0.011,0.0497,0.01318
269,273,0.0415,0.142,0.0366
270,272,0.00871,0.0268,0.00568
270,273,0.00256,0.0094,0.00984
274,273,0,0.0375,0
273,275,0.0321,0.106,0.027
273,276,0.0593,0.168,0.042
266,274,0.00464,0.054,0.422
275,276,0.0184,0.0605,0.01552
276,277,0.0145,0.0487,0.01222
276,278,0.0555,0.183,0.0466
277,278,0.041,0.135,0.0344
279,280,0.0608,0.2454,0.06068
270,279,0.0413,0.1681,0.04226
280,281,0.0224,0.0901,0.0224
281,282,0.04,0.1356,0.0332
282,283,0.038,0.127,0.0316
282,284,0.0601,0.189,0.0472
283,285,0.0191,0.0625,0.01604
278,285,0.0715,0.323,0.086
278,285,0.0715,0.323,0.086
281,285,0.0684,0.186,0.0444
284,285,0.0179,0.0505,0.01258
285,286,0.0267,0.0752,0.01874
285,287,0.0486,0.137,0.0342
287,288,0.0203,0.0588,0.01396
288,289,0.0405,0.1635,0.04058
289,290,0.0263,0.122,0.031
285,290,0.073,0.289,0.0738
285,290,0.0869,0.291,0.073
290,291,0.0169,0.0707,0.0202
290,292,0.00275,0.00955,0.00732
291,292,0.00488,0.0151,0.00374
292,293,0.0343,0.0966,0.0242
286,293,0.0474,0.134,0.0332
292,294,0.0343,0.0966,0.0242
287,294,0.0255,0.0719,0.01788
290,295,0.0503,0.2293,0.0598
292,295,0.0825,0.251,0.0569
292,295,0.0803,0.239,0.0536
291,295,0.04739,0.2158,0.05646
295,296,0.0317,0.145,0.0376
295,297,0.0328,0.15,0.0388
296,297,0.00264,0.0135,0.01456
296,298,0.0123,0.0561,0.01468
297,298,0.00824,0.0376,0.0098
299,295,0,0.0386,0
299,300,0.00172,0.02,0.216
300,297,0,0.0268,0
274,301,0.00901,0.0986,1.046
300,301,0.00269,0.0302,0.38
285,302,0.018,0.0919,0.0248
285,302,0.018,0.0919,0.0248
298,302,0.0482,0.218,0.0578
298,303,0.0258,0.117,0.031
301,302,0,0.037,0
302,303,0.0224,0.1015,0.02682
301,304,0.00138,0.016,0.638
283,305,0.0844,0.2778,0.07092
285,305,0.0985,0.324,0.0828
304,305,0,0.037,0
305,306,0.03,0.127,0.122
260,306,0.00221,0.4115,0.10198
306,307,0.00882,0.0355,0.00878
260,308,0.0488,0.196,0.0488
307,308,0.0446,0.18,0.04444
307,309,0.00866,0.0454,0.01178
306,310,0.0401,0.1323,0.03368
306,311,0.0428,0.141,0.036
305,311,0.0405,0.122,0.124
310,311,0.0123,0.0406,0.01034
312,313,0.0444,0.148,0.0368
305,313,0.0309,0.101,0.1038
311,313,0.0601,0.1999,0.04978
313,314,0.00376,0.0124,0.01264
314,315,0.00546,0.0244,0.00648
313,316,0.017,0.0485,0.0472
313,316,0.0294,0.105,0.0228
315,316,0.0156,0.0704,0.0187
304,317,0.00175,0.0202,0.808
317,316,0,0.037,0
313,318,0.0298,0.0853,0.08174
318,319,0.0112,0.03665,0.03796
319,320,0.0625,0.132,0.0258
319,321,0.043,0.148,0.0348
320,321,0.0302,0.0641,0.01234
321,322,0.035,0.123,0.0276
322,323,0.02828,0.2074,0.0445
321,324,0.02,0.102,0.0276
321,325,0.0239,0.173,0.047
324,325,0.0139,0.0712,0.01934
325,326,0.0518,0.188,0.0528
325,326,0.0238,0.0997,0.106
326,327,0.0254,0.0836,0.0214
325,328,0.0099,0.0505,0.0548
325,328,0.0393,0.1581,0.0414
327,328,0.0387,0.1272,0.03268
328,329,0.0258,0.0848,0.0218
328,330,0.0481,0.158,0.0406
329,330,0.0223,0.0732,0.01876
330,331,0.0132,0.0434,0.0111
316,332,0.0356,0.182,0.0494
318,332,0.0162,0.053,0.0544
330,332,0.0269,0.0869,0.023
316,333,0.0183,0.0934,0.0254
316,334,0.0238,0.108,0.0286
316,335,0.0454,0.206,0.0546
328,336,0.0648,0.295,0.0472
330,336,0.0178,0.058,0.0604
331,332,0.0171,0.0547,0.01474
332,333,0.0173,0.0885,0.024
334,336,0.0397,0.179,0.0476
335,336,0.018,0.0813,0.0216
336,337,0.0277,0.1262,0.0328
328,338,0.0123,0.0559,0.01464
337,338,0.0246,0.112,0.0294
336,339,0.016,0.0525,0.0536
336,340,0.0451,0.204,0.0541
339,340,0.0466,0.1584,0.0407
339,341,0.0535,0.1625,0.0408
336,342,0.0605,0.229,0.062
340,341,0.00994,0.0378,0.00986
341,342,0.014,0.0547,0.01434
341,343,0.053,0.183,0.0472
341,344,0.0261,0.0703,0.01844
342,343,0.053,0.183,0.0472
344,345,0.0105,0.0288,0.0076
339,346,0.03906,0.1813,0.0461
345,346,0.0278,0.0762,0.0202
346,347,0.022,0.0755,0.02
346,348,0.0247,0.064,0.062
253,349,0.00913,0.0301,0.00768
268,349,0.0615,0.203,0.0518
268,350,0.0135,0.0612,0.01628
263,351,0.0164,0.0741,0.01972
350,351,0.0023,0.0104,0.00276
304,352,0.00034,0.00405,0.164
248,353,0.0329,0.14,0.0358
311,354,0.0145,0.0481,0.01198
312,354,0.0164,0.0544,0.01356
355,356,0.0303,0.0999,0.0254
355,357,0.0129,0.0424,0.01082
358,359,0.00176,0.00798,0.0021
357,359,0.0241,0.108,0.0284
359,360,0.0119,0.054,0.01426
360,361,0.00459,0.0208,0.0055
362,363,0.00244,0.0305,1.162
362,359,0,0.0267,0
363,364,0.00258,0.0322,1.23
358,365,0.0209,0.0688,0.01748
359,365,0.0203,0.0682,0.01738
365,366,0.00595,0.0196,0.00502
356,366,0.0187,0.0616,0.01572
357,366,0.0484,0.16,0.0406
361,366,0.00862,0.034,0.00874
365,367,0.02225,0.0731,0.01876
366,368,0.0215,0.0707,0.01816
367,369,0.0744,0.2444,0.06268
368,369,0.0595,0.195,0.0502
366,370,0.0212,0.0834,0.0214
369,371,0.0132,0.0437,0.0444
370,371,0.0454,0.1801,0.0466
371,372,0.0123,0.0505,0.01298
372,373,0.01119,0.0493,0.01142
373,374,0.0252,0.117,0.0298
369,373,0.012,0.0394,0.0101
374,375,0.0183,0.0849,0.0216
375,376,0.0209,0.097,0.0246
376,377,0.0342,0.159,0.0404
377,378,0.0135,0.0492,0.0498
377,379,0.0156,0.08,0.0864
380,379,0,0.0382,0
379,381,0.0318,0.163,0.1764
381,382,0.01913,0.0855,0.0216
382,383,0.0237,0.0943,0.0238
384,371,0,0.0388,0
362,384,0.00431,0.0504,0.514
380,384,0.00799,0.086,0.908
371,385,0.0474,0.1563,0.0399
383,385,0.0108,0.0331,0.0083
377,386,0.0317,0.1153,0.1173
385,386,0.0298,0.0985,0.0251
381,386,0.0229,0.0755,0.01926
369,387,0.038,0.1244,0.03194
373,388,0.0752,0.247,0.0632
389,390,0.00224,0.0102,0.00268
389,391,0.011,0.0497,0.01318
387,391,0.0415,0.142,0.0366
388,390,0.00871,0.0268,0.00568
388,391,0.00256,0.0094,0.00984
392,391,0,0.0375,0
391,393,0.0321,0.106,0.027
391,394,0.0593,0.168,0.042
384,392,0.00464,0.054,0.422
393,394,0.0184,0.0605,0.01552
394,395,0.0145,0.0487,0.01222
394,396,0.0555,0.183,0.0466
395,396,0.041,0.135,0.0344
397,398,0.0608,0.2454,0.06068
388,397,0.0413,0.1681,0.04226
398,399,0.0224,0.0901,0.0224
399,400,0.04,0.1356,0.0332
400,401,0.038,0.127,0.0316
400,402,0.0601,0.189,0.0472
401,403,0.0191,0.0625,0.01604
396,403,0.0715,0.323,0.086
396,403,0.0715,0.323,0.086
399,403,0.0684,0.186,0.0444
402,403,0.0179,0.0505,0.01258
403,404,0.0267,0.0752,0.01874
403,405,0.0486,0.137,0.0342
405,406,0.0203,0.0588,0.01396
406,407,0.0405,0.1635,0.04058
407,408,0.0263,0.122,0.031
403,408,0.073,0.289,0.0738
403,408,0.0869,0.291,0.073
408,409,0.0169,0.0707,0.0202
408,410,0.00275,0.00955,0.00732
409,410,0.00488,0.0151,0.00374
410,411,0.0343,0.0966,0.0242
404,411,0.0474,0.134,0.0332
410,412,0.0343,0.0966,0.0242
405,412,0.0255,0.0719,0.01788
408,413,0.0503,0.2293,0.0598
410,413,0.0825,0.251,0.0569
410,413,0.0803,0.239,0.0536
409,413,0.04739,0.2158,0.05646
413,414,0.0317,0.145,0.0376
413,415,0.0328,0.15,0.0388
414,415,0.00264,0.0135,0.01456
414,416,0.0123,0.0561,0.01468
415,416,0.00824,0.0376,0.0098
417,413,0,0.0386,0
417,418,0.00172,0.02,0.216
418,415,0,0.0268,0
392,419,0.00901,0.0986,1.046
418,419,0.00269,0.0302,0.38
403,420,0.018,0.0919,0.0248
403,420,0.018,0.0919,0.0248
416,420,0.0482,0.218,0.0578
416,421,0.0258,0.117,0.031
419,420,0,0.037,0
420,421,0.0224,0.1015,0.02682
419,422,0.00138,0.016,0.638
401,423,0.0844,0.2778,0.07092
403,423,0.0985,0.324,0.0828
422,423,0,0.037,0
423,424,0.03,0.127,0.122
378,424,0.00221,0.4115,0.10198
424,425,0.00882,0.0355,0.00878
378,426,0.0488,0.196,0.0488
425,426,0.0446,0.18,0.04444
425,427,0.00866,0.0454,0.01178
424,428,0.0401,0.1323,0.03368
424,429,0.0428,0.141,0.036
423,429,0.0405,0.122,0.124
428,429,0.0123,0.0406,0.01034
430,431,0.0444,0.148,0.0368
423,431,0.0309,0.101,0.1038
429,431,0.0601,0.1999,0.04978
431,432,0.00376,0.0124,0.01264
432,433,0.00546,0.0244,0.00648
431,434,0.017,0.0485,0.0472
431,434,0.0294,0.105,0.0228
433,434,0.0156,0.0704,0.0187
422,435,0.00175,0.0202,0.808
435,434,0,0.037,0
431,436,0.0298,0.0853,0.08174
436,437,0.0112,0.03665,0.03796
437,438,0.0625,0.132,0.0258
437,439,0.043,0.148,0.0348
438,439,0.0302,0.0641,0.01234
439,440,0.035,0.123,0.0276
440,441,0.02828,0.2074,0.0445
439,442,0.02,0.102,0.0276
439,443,0.0239,0.173,0.047
442,443,0.0139,0.0712,0.01934
443,444,0.0518,0.188,0.0528
443,444,0.0238,0.0997,0.106
444,445,0.0254,0.0836,0.0214
443,446,0.0099,0.0505,0.0548
443,446,0.0393,0.1581,0.0414
445,446,0.0387,0.1272,0.03268
446,447,0.0258,0.0848,0.0218
446,448,0.0481,0.158,0.0406
447,448,0.0223,0.0732,0.01876
448,449,0.0132,0.0434,0.0111
434,450,0.0356,0.182,0.0494
436,450,0.0162,0.053,0.0544
448,450,0.0269,0.0869,0.023
434,451,0.0183,0.0934,0.0254
434,452,0.0238,0.108,0.0286
434,453,0.0454,0.206,0.0546
446,454,0.0648,0.295,0.0472
448,454,0.0178,0.058,0.0604
449,450,0.0171,0.0547,0.01474
450,451,0.0173,0.0885,0.024
452,454,0.0397,0.179,0.0476
453,454,0.018,0.0813,0.0216
454,455,0.0277,0.1262,0.0328
446,456,0.0123,0.0559,0.01464
455,456,0.0246,0.112,0.0294
454,457,0.016,0.0525,0.0536
454,458,0.0451,0.204,0.0541
457,458,0.0466,0.1584,0.0407
457,459,0.0535,0.1625,0.0408
454,460,0.0605,0.229,0.062
458,459,0.00994,0.0378,0.00986
459,460,0.014,0.0547,0.01434
459,461,0.053,0.183,0.0472
459,462,0.0261,0.0703,0.01844
460,461,0.053,0.183,0.0472
462,463,0.0105,0.0288,0.0076
457,464,0.03906,0.1813,0.0461
463,464,0.0278,0.0762,0.0202
464,465,0.022,0.0755,0.02
464,466,0.0247,0.064,0.062
371,467,0.00913,0.0301,0.00768
386,467,0.0615,0.203,0.0518
386,468,0.0135,0.0612,0.01628
381,469,0.0164,0.0741,0.01972
468,469,0.0023,0.0104,0.00276
422,470,0.00034,0.00405,0.164
366,471,0.0329,0.14,0.0358
429,472,0.0145,0.0481,0.01198
430,472,0.0164,0.0544,0.01356
473,474,0.0303,0.0999,0.0254
473,475,0.0129,0.0424,0.01082
476,477,0.00176,0.00798,0.0021
475,477,0.0241,0.108,0.0284
477,478,0.0119,0.054,0.01426
478,479,0.00459,0.0208,0.0055
480,481,0.00244,0.0305,1.162
480,477,0,0.0267,0
481,482,0.00258,0.0322,1.23
476,483,0.0209,0.0688,0.01748
477,483,0.0203,0.0682,0.01738
483,484,0.00595,0.0196,0.00502
474,484,0.0187,0.0616,0.01572
475,484,0.0484,0.16,0.0406
479,484,0.00862,0.034,0.00874
483,485,0.02225,0.0731,0.01876
484,486,0.0215,0.0707,0.01816
485,487,0.0744,0.2444,0.06268
486,487,0.0595,0.195,0.0502
484,488,0.0212,0.0834,0.0214
487,489,0.0132,0.0437,0.0444
488,489,0.0454,0.1801,0.0466
489,490,0.0123,0.0505,0.01298
490,491,0.01119,0.0493,0.01142
491,492,0.0252,0.117,0.0298
487,491,0.012,0.0394,0.0101
492,493,0.0183,0.0849,0.0216
493,494,0.0209,0.097,0.0246
494,495,0.0342,0.159,0.0404
495,496,0.0135,0.0492,0.0498
495,497,0.0156,0.08,0.0864
498,497,0,0.0382,0
497,499,0.0318,0.163,0.1764
499,500,0.01913,0.0855,0.0216
500,501,0.0237,0.0943,0.0238
502,489,0,0.0388,0
480,502,0.00431,0.0504,0.514
498,502,0.00799,0.086,0.908
489,503,0.0474,0.1563,0.0399
501,503,0.0108,0.0331,0.0083
495,504,0.0317,0.1153,0.1173
503,504,0.0298,0.0985,0.0251
499,504,0.0229,0.0755,0.01926
487,505,0.038,0.1244,0.03194
491,506,0.0752,0.247,0.0632
507,508,0.00224,0.0102,0.00268
507,509,0.011,0.0497,0.01318
505,509,0.0415,0.142,0.0366
506,508,0.00871,0.0268,0.00568
506,509,0.00256,0.0094,0.00984
510,509,0,0.0375,0
509,511,0.0321,0.106,0.027
509,512,0.0593,0.168,0.042
502,510,0.00464,0.054,0.422
511,512,0.0184,0.0605,0.01552
512,513,0.0145,0.0487,0.01222
512,514,0.0555,0.183,0.0466
513,514,0.041,0.135,0.0344
515,516,0.0608,0.2454,0.06068
506,515,0.0413,0.1681,0.04226
516,517,0.0224,0.0901,0.0224
517,518,0.04,0.1356,0.0332
518,519,0.038,0.127,0.0316
518,520,0.0601,0.189,0.0472
519,521,0.0191,0.0625,0.01604
514,521,0.0715,0.323,0.086
514,521,0.0715,0.323,0.086
517,521,0.0684,0.186,0.0444
520,521,0.0179,0.0505,0.01258
521,522,0.0267,0.0752,0.01874
521,523,0.0486,0.137,0.0342
523,524,0.0203,0.0588,0.01396
524,525,0.0405,0.1635,0.04058
525,526,0.0263,0.122,0.031
521,526,0.073,0.289,0.0738
521,526,0.0869,0.291,0.073
526,527,0.0169,0.0707,0.0202
526,528,0.00275,0.00955,0.00732
527,528,0.00488,0.0151,0.00374
528,529,0.0343,0.0966,0.0242
522,529,0.0474,0.134,0.0332
528,530,0.0343,0.0966,0.0242
523,530,0.0255,0.0719,0.01788
526,531,0.0503,0.2293,0.0598
528,531,0.0825,0.251,0.0569
528,531,0.0803,0.239,0.0536
527,531,0.04739,0.2158,0.05646
531,532,0.0317,0.145,0.0376
531,533,0.0328,0.15,0.0388
532,533,0.00264,0.0135,0.01456
532,534,0.0123,0.0561,0.01468
533,534,0.00824,0.0376,0.0098
535,531,0,0.0386,0
535,536,0.00172,0.02,0.216
536,533,0,0.0268,0
510,537,0.00901,0.0986,1.046
536,537,0.00269,0.0302,0.38
521,538,0.018,0.0919,0.0248
521,538,0.018,0.0919,0.0248
534,538,0.0482,0.218,0.0578
534,539,0.0258,0.117,0.031
537,538,0,0.037,0
538,539,0.0224,0.1015,0.02682
537,540,0.00138,0.016,0.638
519,541,0.0844,0.2778,0.07092
521,541,0.0985,0.324,0.0828
540,541,0,0.037,0
541,542,0.03,0.127,0.122
496,542,0.00221,0.4115,0.10198
542,543,0.00882,0.0355,0.00878
496,544,0.0488,0.196,0.0488
543,544,0.0446,0.18,0.04444
543,545,0.00866,0.0454,0.01178
542,546,0.0401,0.1323,0.03368
542,547,0.0428,0.141,0.036
541,547,0.0405,0.122,0.124
546,547,0.0123,0.0406,0.01034
548,549,0.0444,0.148,0.0368
541,549,0.0309,0.101,0.1038
547,549,0.0601,0.1999,0.04978
549,550,0.00376,0.0124,0.01264
550,551,0.00546,0.0244,0.00648
549,552,0.017,0.0485,0.0472
549,552,0.0294,0.105,0.0228
551,552,0.0156,0.0704,0.0187
540,553,0.00175,0.0202,0.808
553,552,0,0.037,0
549,554,0.0298,0.0853,0.08174
554,555,0.0112,0.03665,0.03796
555,556,0.0625,0.132,0.0258
555,557,0.043,0.148,0.0348
556,557,0.0302,0.0641,0.01234
557,558,0.035,0.123,0.0276
558,559,0.02828,0.2074,0.0445
557,560,0.02,0.102,0.0276
557,561,0.0239,0.173,0.047
560,561,0.0139,0.0712,0.01934
561,562,0.0518,0.188,0.0528
561,562,0.0238,0.0997,0.106
562,563,0.0254,0.0836,0.0214
561,564,0.0099,0.0505,0.0548
561,564,0.0393,0.1581,0.0414
563,564,0.0387,0.1272,0.03268
564,565,0.0258,0.0848,0.0218
564,566,0.0481,0.158,0.0406
565,566,0.0223,0.0732,0.01876
566,567,0.0132,0.0434,0.0111
552,568,0.0356,0.182,0.0494
554,568,0.0162,0.053,0.0544
566,568,0.0269,0.0869,0.023
552,569,0.0183,0.0934,0.0254
552,570,0.0238,0.108,0.0286
552,571,0.0454,0.206,0.0546
564,572,0.0648,0.295,0.0472
566,572,0.0178,0.058,0.0604
567,568,0.0171,0.0547,0.01474
568,569,0.0173,0.0885,0.024
570,572,0.0397,0.179,0.0476
571,572,0.018,0.0813,0.0216
572,573,0.0277,0.1262,0.0328
564,574,0.0123,0.0559,0.01464
573,574,0.0246,0.112,0.0294
572,575,0.016,0.0525,0.0536
572,576,0.0451,0.204,0.0541
575,576,0.0466,0.1584,0.0407
575,577,0.0535,0.1625,0.0408
572,578,0.0605,0.229,0.062
576,577,0.00994,0.0378,0.00986
577,578,0.014,0.0547,0.01434
577,579,0.053,0.183,0.0472
577,580,0.0261,0.0703,0.01844
578,579,0.053,0.183,0.0472
580,581,0.0105,0.0288,0.0076
575,582,0.03906,0.1813,0.0461
581,582,0.0278,0.0762,0.0202
582,583,0.022,0.0755,0.02
582,584,0.0247,0.064,0.062
489,585,0.00913,0.0301,0.00768
504,585,0.0615,0.203,0.0518
504,586,0.0135,0.0612,0.01628
499,587,0.0164,0.0741,0.01972
586,587,0.0023,0.0104,0.00276
540,588,0.00034,0.00405,0.164
484,589,0.0329,0.14,0.0358
547,590,0.0145,0.0481,0.01198
548,590,0.0164,0.0544,0.01356
591,592,0.0303,0.0999,0.0254
591,593,0.0129,0.0424,0.01082
594,595,0.00176,0.00798,0.0021
593,595,0.0241,0.108,0.0284
595,596,0.0119,0.054,0.01426
596,597,0.00459,0.0208,0.0055
598,599,0.00244,0.0305,1.162
598,595,0,0.0267,0
599,600,0.00258,0.0322,1.23
594,601,0.0209,0.0688,0.01748
595,601,0.0203,0.0682,0.01738
601,602,0.00595,0.0196,0.00502
592,602,0.0187,0.0616,0.01572
593,602,0.0484,0.16,0.0406
597,602,0.00862,0.034,0.00874
601,603,0.02225,0.0731,0.01876
602,604,0.0215,0.0707,0.01816
603,605,0.0744,0.2444,0.06268
604,605,0.0595,0.195,0.0502
602,606,0.0212,0.0834,0.0214
605,607,0.0132,0.0437,0.0444
606,607,0.0454,0.1801,0.0466
607,608,0.0123,0.0505,0.01298
608,609,0.01119,0.0493,0.01142
609,610,0.0252,0.117,0.0298
605,609,0.012,0.0394,0.0101
610,611,0.0183,0.0849,0.0216
611,612,0.0209,0.097,0.0246
612,613,0.0342,0.159,0.0404
613,614,0.0135,0.0492,0.0498
613,615,0.0156,0.08,0.0864
616,615,0,0.0382,0
615,617,0.0318,0.163,0.1764
617,618,0.01913,0.0855,0.0216
618,619,0.0237,0.0943,0.0238
620,607,0,0.0388,0
598,620,0.00431,0.0504,0.514
616,620,0.00799,0.086,0.908
607,621,0.0474,0.1563,0.0399
619,621,0.0108,0.0331,0.0083
613,622,0.0317,0.1153,0.1173
621,622,0.0298,0.0985,0.0251
617,622,0.0229,0.0755,0.01926
605,623,0.038,0.1244,0.03194
609,624,0.0752,0.247,0.0632
625,626,0.00224,0.0102,0.00268
625,627,0.011,0.0497,0.01318
623,627,0.0415,0.142,0.0366
624,626,0.00871,0.0268,0.00568
624,627,0.00256,0.0094,0.00984
628,627,0,0.0375,0
627,629,0.0321,0.106,0.027
627,630,0.0593,0.168,0.042
620,628,0.00464,0.054,0.422
629,630,0.0184,0.0605,0.01552
630,631,0.0145,0.0487,0.01222
630,632,0.0555,0.183,0.0466
631,632,0.041,0.135,0.0344
633,634,0.0608,0.2454,0.06068
624,633,0.0413,0.1681,0.04226
634,635,0.0224,0.0901,0.0224
635,636,0.04,0.1356,0.0332
636,637,0.038,0.127,0.0316
636,638,0.0601,0.189,0.0472
637,639,0.0191,0.0625,0.01604
632,639,0.0715,0.323,0.086
632,639,0.0715,0.323,0.086
635,639,0.0684,0.186,0.0444
638,639,0.0179,0.0505,0.01258
639,640,0.0267,0.0752,0.01874
639,641,0.0486,0.137,0.0342
641,642,0.0203,0.0588,0.01396
642,643,0.0405,0.1635,0.04058
643,644,0.0263,0.122,0.031
639,644,0.073,0.289,0.0738
639,644,0.0869,0.291,0.073
644,645,0.0169,0.0707,0.0202
644,646,0.00275,0.00955,0.00732
645,646,0.00488,0.0151,0.00374
646,647,0.0343,0.0966,0.0242
640,647,0.0474,0.134,0.0332
646,648,0.0343,0.0966,0.0242
641,648,0.0255,0.0719,0.01788
644,649,0.0503,0.2293,0.0598
646,649,0.0825,0.251,0.0569
646,649,0.0803,0.239,0.0536
645,649,0.04739,0.2158,0.05646
649,650,0.0317,0.145,0.0376
649,651,0.0328,0.15,0.0388
650,651,0.00264,0.0135,0.01456
650,652,0.0123,0.0561,0.01468
651,652,0.00824,0.0376,0.0098
653,649,0,0.0386,0
653,654,0.00172,0.02,0.216
654,651,0,0.0268,0
628,655,0.00901,0.0986,1.046
654,655,0.00269,0.0302,0.38
639,656,0.018,0.0919,0.0248
639,656,0.018,0.0919,0.0248
652,656,0.0482,0.218,0.0578
652,657,0.0258,0.117,0.031
655,656,0,0.037,0
656,657,0.0224,0.1015,0.02682
655,658,0.00138,0.016,0.638
637,659,0.0844,0.2778,0.07092
639,659,0.0985,0.324,0.0828
658,659,0,0.037,0
659,660,0.03,0.127,0.122
614,660,0.00221,0.4115,0.10198
660,661,0.00882,0.0355,0.00878
614,662,0.0488,0.196,0.0488
661,662,0.0446,0.18,0.04444
661,663,0.00866,0.0454,0.01178
660,664,0.0401,0.1323,0.03368
660,665,0.0428,0.141,0.036
659,665,0.0405,0.122,0.124
664,665,0.0123,0.0406,0.01034
666,667,0.0444,0.148,0.0368
659,667,0.0309,0.101,0.1038
665,667,0.0601,0.1999,0.04978
667,668,0.00376,0.0124,0.01264
668,669,0.00546,0.0244,0.00648
667,670,0.017,0.0485,0.0472
667,670,0.0294,0.105,0.0228
669,670,0.0156,0.0704,0.0187
658,671,0.00175,0.0202,0.808
671,670,0,0.037,0
667,672,0.0298,0.0853,0.08174
672,673,0.0112,0.03665,0.03796
673,674,0.0625,0.132,0.0258
673,675,0.043,0.148,0.0348
674,675,0.0302,0.0641,0.01234
675,676,0.035,0.123,0.0276
676,677,0.02828,0.2074,0.0445
675,678,0.02,0.102,0.0276
675,679,0.0239,0.173,0.047
678,679,0.0139,0.0712,0.01934
679,680,0.0518,0.188,0.0528
679,680,0.0238,0.0997,0.106
680,681,0.0254,0.0836,0.0214
679,682,0.0099,0.0505,0.0548
679,682,0.0393,0.1581,0.0414
681,682,0.0387,0.1272,0.03268
682,683,0.0258,0.0848,0.0218
682,684,0.0481,0.158,0.0406
683,684,0.0223,0.0732,0.01876
684,685,0.0132,0.0434,0.0111
670,686,0.0356,0.182,0.0494
672,686,0.0162,0.053,0.0544
684,686,0.0269,0.0869,0.023
670,687,0.0183,0.0934,0.0254
670,688,0.0238,0.108,0.0286
670,689,0.0454,0.206,0.0546
682,690,0.0648,0.295,0.0472
684,690,0.0178,0.058,0.0604
685,686,0.0171,0.0547,0.01474
686,687,0.0173,0.0885,0.024
688,690,0.0397,0.179,0.0476
689,690,0.018,0.0813,0.0216
690,691,0.0277,0.1262,0.0328
682,692,0.0123,0.0559,0.01464
691,692,0.0246,0.112,0.0294
690,693,0.016,0.0525,0.0536
690,694,0.0451,0.204,0.0541
693,694,0.0466,0.1584,0.0407
693,695,0.0535,0.1625,0.0408
690,696,0.0605,0.229,0.062
694,695,0.00994,0.0378,0.00986
695,696,0.014,0.0547,0.01434
695,697,0.053,0.183,0.0472
695,698,0.0261,0.0703,0.01844
696,697,0.053,0.183,0.0472
698,699,0.0105,0.0288,0.0076
693,700,0.03906,0.1813,0.0461
699,700,0.0278,0.0762,0.0202
700,701,0.022,0.0755,0.02
700,702,0.0247,0.064,0.062
607,703,0.00913,0.0301,0.00768
622,703,0.0615,0.203,0.0518
622,704,0.0135,0.0612,0.01628
617,705,0.0164,0.0741,0.01972
704,705,0.0023,0.0104,0.00276
658,706,0.00034,0.00405,0.164
602,707,0.0329,0.14,0.0358
665,708,0.0145,0.0481,0.01198
666,708,0.0164,0.0544,0.01356
709,710,0.0303,0.0999,0.0254
709,711,0.0129,0.0424,0.01082
712,713,0.00176,0.00798,0.0021
711,713,0.0241,0.108,0.0284
713,714,0.0119,0.054,0.01426
714,715,0.00459,0.0208,0.0055
716,717,0.00244,0.0305,1.162
716,713,0,0.0267,0
717,718,0.00258,0.0322,1.23
712,719,0.0209,0.0688,0.01748
713,719,0.0203,0.0682,0.01738
719,720,0.00595,0.0196,0.00502
710,720,0.0187,0.0616,0.01572
711,720,0.0484,0.16,0.0406
715,720,0.00862,0.034,0.00874
719,721,0.02225,0.0731,0.01876
720,722,0.0215,0.0707,0.01816
721,723,0.0744,0.2444,0.06268
722,723,0.0595,0.195,0.0502
720,724,0.0212,0.0834,0.0214
723,725,0.0132,0.0437,0.0444
724,725,0.0454,0.1801,0.0466
725,726,0.0123,0.0505,0.01298
726,727,0.01119,0.0493,0.01142
727,728,0.0252,0.117,0.0298
723,727,0.012,0.0394,0.0101
728,729,0.0183,0.0849,0.0216
729,730,0.0209,0.097,0.0246
730,731,0.0342,0.159,0.0404
731,732,0.0135,0.0492,0.0498
731,733,0.0156,0.08,0.0864
734,733,0,0.0382,0
733,735,0.0318,0.163,0.1764
735,736,0.01913,0.0855,0.0216
736,737,0.0237,0.0943,0.0238
738,725,0,0.0388,0
716,738,0.00431,0.0504,0.514
734,738,0.00799,0.086,0.908
725,739,0.0474,0.1563,0.0399
737,739,0.0108,0.0331,0.0083
731,740,0.0317,0.1153,0.1173
739,740,0.0298,0.0985,0.0251
735,740,0.0229,0.0755,0.01926
723,741,0.038,0.1244,0.03194
727,742,0.0752,0.247,0.0632
743,744,0.00224,0.0102,0.00268
743,745,0.011,0.0497,0.01318
741,745,0.0415,0.142,0.0366
742,744,0.00871,0.0268,0.00568
742,745,0.00256,0.0094,0.00984
746,745,0,0.0375,0
745,747,0.0321,0.106,0.027
745,748,0.0593,0.168,0.042
738,746,0.00464,0.054,0.422
747,748,0.0184,0.0605,0.01552
748,749,0.0145,0.0487,0.01222
748,750,0.0555,0.183,0.0466
749,750,0.041,0.135,0.0344
751,752,0.0608,0.2454,0.06068
742,751,0.0413,0.1681,0.04226
752,753,0.0224,0.0901,0.0224
753,754,0.04,0.1356,0.0332
754,755,0.038,0.127,0.0316
754,756,0.0601,0.189,0.0472
755,757,0.0191,0.0625,0.01604
750,757,0.0715,0.323,0.086
750,757,0.0715,0.323,0.086
753,757,0.0684,0.186,0.0444
756,757,0.0179,0.0505,0.01258
757,758,0.0267,0.0752,0.01874
757,759,0.0486,0.137,0.0342
759,760,0.0203,0.0588,0.01396
760,761,0.0405,0.1635,0.04058
761,762,0.0263,0.122,0.031
757,762,0.073,0.289,0.0738
757,762,0.0869,0.291,0.073
762,763,0.0169,0.0707,0.0202
762,764,0.00275,0.00955,0.00732
763,764,0.00488,0.0151,0.00374
764,765,0.0343,0.0966,0.0242
758,765,0.0474,0.134,0.0332
764,766,0.0343,0.0966,0.0242
759,766,0.0255,0.0719,0.01788
762,767,0.0503,0.2293,0.0598
764,767,0.0825,0.251,0.0569
764,767,0.0803,0.239,0.0536
763,767,0.04739,0.2158,0.05646
767,768,0.0317,0.145,0.0376
767,769,0.0328,0.15,0.0388
768,769,0.00264,0.0135,0.01456
768,770,0.0123,0.0561,0.01468
769,770,0.00824,0.0376,0.0098
771,767,0,0.0386,0
771,772,0.00172,0.02,0.216
772,769,0,0.0268,0
746,773,0.00901,0.0986,1.046
772,773,0.00269,0.0302,0.38
757,774,0.018,0.0919,0.0248
757,774,0.018,0.0919,0.0248
770,774,0.0482,0.218,0.0578
770,775,0.0258,0.117,0.031
773,774,0,0.037,0
774,775,0.0224,0.1015,0.02682
773,776,0.00138,0.016,0.638
755,777,0.0844,0.2778,0.07092
757,777,0.0985,0.324,0.0828
776,777,0,0.037,0
777,778,0.03,0.127,0.122
732,778,0.00221,0.4115,0.10198
778,779,0.00882,0.0355,0.00878
732,780,0.0488,0.196,0.0488
779,780,0.0446,0.18,0.04444
779,781,0.00866,0.0454,0.01178
778,782,0.0401,0.1323,0.03368
778,783,0.0428,0.141,0.036
777,783,0.0405,0.122,0.124
782,783,0.0123,0.0406,0.01034
784,785,0.0444,0.148,0.0368
777,785,0.0309,0.101,0.1038
783,785,0.0601,0.1999,0.04978
785,786,0.00376,0.0124,0.01264
786,787,0.00546,0.0244,0.00648
785,788,0.017,0.0485,0.0472
785,788,0.0294,0.105,0.0228
787,788,0.0156,0.0704,0.0187
776,789,0.00175,0.0202,0.808
789,788,0,0.037,0
785,790,0.0298,0.0853,0.08174
790,791,0.0112,0.03665,0.03796
791,792,0.0625,0.132,0.0258
791,793,0.043,0.148,0.0348
792,793,0.0302,0.0641,0.01234
793,794,0.035,0.123,0.0276
794,795,0.02828,0.2074,0.0445
793,796,0.02,0.102,0.0276
793,797,0.0239,0.173,0.047
796,797,0.0139,0.0712,0.01934
797,798,0.0518,0.188,0.0528
797,798,0.0238,0.0997,0.106
798,799,0.0254,0.0836,0.0214
797,800,0.0099,0.0505,0.0548
797,800,0.0393,0.1581,0.0414
799,800,0.0387,0.1272,0.03268
800,801,0.0258,0.0848,0.0218
800,802,0.0481,0.158,0.0406
801,802,0.0223,0.0732,0.01876
802,803,0.0132,0.0434,0.0111
788,804,0.0356,0.182,0.0494
790,804,0.0162,0.053,0.0544
802,804,0.0269,0.0869,0.023
788,805,0.0183,0.0934,0.0254
788,806,0.0238,0.108,0.0286
788,807,0.0454,0.206,0.0546
800,808,0.0648,0.295,0.0472
802,808,0.0178,0.058,0.0604
803,804,0.0171,0.0547,0.01474
804,805,0.0173,0.0885,0.024
806,808,0.0397,0.179,0.0476
807,808,0.018,0.0813,0.0216
808,809,0.0277,0.1262,0.0328
800,810,0.0123,0.0559,0.01464
809,810,0.0246,0.112,0.0294
808,811,0.016,0.0525,0.0536
808,812,0.0451,0.204,0.0541
811,812,0.0466,0.1584,0.0407
811,813,0.0535,0.1625,0.0408
808,814,0.0605,0.229,0.062
812,813,0.00994,0.0378,0.00986
813,814,0.014,0.0547,0.01434
813,815,0.053,0.183,0.0472
813,816,0.0261,0.0703,0.01844
814,815,0.053,0.183,0.0472
816,817,0.0105,0.0288,0.0076
811,818,0.03906,0.1813,0.0461
817,818,0.0278,0.0762,0.0202
818,819,0.022,0.0755,0.02
818,820,0.0247,0.064,0.062
725,821,0.00913,0.0301,0.00768
740,821,0.0615,0.203,0.0518
740,822,0.0135,0.0612,0.01628
735,823,0.0164,0.0741,0.01972
822,823,0.0023,0.0104,0.00276
776,824,0.00034,0.00405,0.164
720,825,0.0329,0.14,0.0358
783,826,0.0145,0.0481,0.01198
784,826,0.0164,0.0544,0.01356
827,828,0.0303,0.0999,0.0254
827,829,0.0129,0.0424,0.01082
830,831,0.00176,0.00798,0.0021
829,831,0.0241,0.108,0.0284
831,832,0.0119,0.054,0.01426
832,833,0.00459,0.0208,0.0055
834,835,0.00244,0.0305,1.162
834,831,0,0.0267,0
835,836,0.00258,0.0322,1.23
830,837,0.0209,0.0688,0.01748
831,837,0.0203,0.0682,0.01738
837,838,0.00595,0.0196,0.00502
828,838,0.0187,0.0616,0.01572
829,838,0.0484,0.16,0.0406
833,838,0.00862,0.034,0.00874
837,839,0.02225,0.0731,0.01876
838,840,0.0215,0.0707,0.01816
839,841,0.0744,0.2444,0.06268
840,841,0.0595,0.195,0.0502
838,842,0.0212,0.0834,0.0214
841,843,0.0132,0.0437,0.0444
842,843,0.0454,0.1801,0.0466
843,844,0.0123,0.0505,0.01298
844,845,0.01119,0.0493,0.01142
845,846,0.0252,0.117,0.0298
841,845,0.012,0.0394,0.0101
846,847,0.0183,0.0849,0.0216
847,848,0.0209,0.097,0.0246
848,849,0.0342,0.159,0.0404
849,850,0.0135,0.0492,0.0498
849,851,0.0156,0.08,0.0864
852,851,0,0.0382,0
851,853,0.0318,0.163,0.1764
853,854,0.01913,0.0855,0.0216
854,855,0.0237,0.0943,0.0238
856,843,0,0.0388,0
834,856,0.00431,0.0504,0.514
852,856,0.00799,0.086,0.908
843,857,0.0474,0.1563,0.0399
855,857,0.0108,0.0331,0.0083
849,858,0.0317,0.1153,0.1173
857,858,0.0298,0.0985,0.0251
853,858,0.0229,0.0755,0.01926
841,859,0.038,0.1244,0.03194
845,860,0.0752,0.247,0.0632
861,862,0.00224,0.0102,0.00268
861,863,0.011,0.0497,0.01318
859,863,0.0415,0.142,0.0366
860,862,0.00871,0.0268,0.00568
860,863,0.00256,0.0094,0.00984
864,863,0,0.0375,0
863,865,0.0321,0.106,0.027
863,866,0.0593,0.168,0.042
856,864,0.00464,0.054,0.422
865,866,0.0184,0.0605,0.01552
866,867,0.0145,0.0487,0.01222
866,868,0.0555,0.183,0.0466
867,868,0.041,0.135,0.0344
869,870,0.0608,0.2454,0.06068
860,869,0.0413,0.1681,0.04226
870,871,0.0224,0.0901,0.0224
871,872,0.04,0.1356,0.0332
872,873,0.038,0.127,0.0316
872,874,0.0601,0.189,0.0472
873,875,0.0191,0.0625,0.01604
868,875,0.0715,0.323,0.086
868,875,0.0715,0.323,0.086
871,875,0.0684,0.186,0.0444
874,875,0.0179,0.0505,0.01258
875,876,0.0267,0.0752,0.01874
875,877,0.0486,0.137,0.0342
877,878,0.0203,0.0588,0.01396
878,879,0.0405,0.1635,0.04058
879,880,0.0263,0.122,0.031
875,880,0.073,0.289,0.0738
875,880,0.0869,0.291,0.073
880,881,0.0169,0.0707,0.0202
880,882,0.00275,0.00955,0.00732
881,882,0.00488,0.0151,0.00374
882,883,0.0343,0.0966,0.0242
876,883,0.0474,0.134,0.0332
882,884,0.0343,0.0966,0.0242
877,884,0.0255,0.0719,0.01788
880,885,0.0503,0.2293,0.0598
882,885,0.0825,0.251,0.0569
882,885,0.0803,0.239,0.0536
881,885,0.04739,0.2158,0.05646
885,886,0.0317,0.145,0.0376
885,887,0.0328,0.15,0.0388
886,887,0.00264,0.0135,0.01456
886,888,0.0123,0.0561,0.01468
887,888,0.00824,0.0376,0.0098
889,885,0,0.0386,0
889,890,0.00172,0.02,0.216
890,887,0,0.0268,0
864,891,0.00901,0.0986,1.046
890,891,0.00269,0.0302,0.38
875,892,0.018,0.0919,0.0248
875,892,0.018,0.0919,0.0248
888,892,0.0482,0.218,0.0578
888,893,0.0258,0.117,0.031
891,892,0,0.037,0
892,893,0.0224,0.1015,0.02682
891,894,0.00138,0.016,0.638
873,895,0.0844,0.2778,0.07092
875,895,0.0985,0.324,0.0828
894,895,0,0.037,0
895,896,0.03,0.127,0.122
850,896,0.00221,0.4115,0.10198
896,897,0.00882,0.0355,0.00878
850,898,0.0488,0.196,0.0488
897,898,0.0446,0.18,0.04444
897,899,0.00866,0.0454,0.01178
896,900,0.0401,0.1323,0.03368
896,901,0.0428,0.141,0.036
895,901,0.0405,0.122,0.124
900,901,0.0123,0.0406,0.01034
902,903,0.0444,0.148,0.0368
895,903,0.0309,0.101,0.1038
901,903,0.0601,0.1999,0.04978
903,904,0.00376,0.0124,0.01264
904,905,0.00546,0.0244,0.00648
903,906,0.017,0.0485,0.0472
903,906,0.0294,0.105,0.0228
905,906,0.0156,0.0704,0.0187
894,907,0.00175,0.0202,0.808
907,906,0,0.037,0
903,908,0.0298,0.0853,0.08174
908,909,0.0112,0.03665,0.03796
909,910,0.0625,0.132,0.0258
909,911,0.043,0.148,0.0348
910,911,0.0302,0.0641,0.01234
911,912,0.035,0.123,0.0276
912,913,0.02828,0.2074,0.0445
911,914,0.02,0.102,0.0276
911,915,0.0239,0.173,0.047
914,915,0.0139,0.0712,0.01934
915,916,0.0518,0.188,0.0528
915,916,0.0238,0.0997,0.106
916,917,0.0254,0.0836,0.0214
915,918,0.0099,0.0505,0.0548
915,918,0.0393,0.1581,0.0414
917,918,0.0387,0.1272,0.03268
918,919,0.0258,0.0848,0.0218
918,920,0.0481,0.158,0.0406
919,920,0.0223,0.0732,0.01876
920,921,0.0132,0.0434,0.0111
906,922,0.0356,0.182,0.0494
908,922,0.0162,0.053,0.0544
920,922,0.0269,0.0869,0.023
906,923,0.0183,0.0934,0.0254
906,924,0.0238,0.108,0.0286
906,925,0.0454,0.206,0.0546
918,926,0.0648,0.295,0.0472
920,926,0.0178,0.058,0.0604
921,922,0.0171,0.0547,0.01474
922,923,0.0173,0.0885,0.024
924,926,0.0397,0.179,0.0476
925,926,0.018,0.0813,0.0216
926,927,0.0277,0.1262,0.0328
918,928,0.0123,0.0559,0.01464
927,928,0.0246,0.112,0.0294
926,929,0.016,0.0525,0.0536
926,930,0.0451,0.204,0.0541
929,930,0.0466,0.1584,0.0407
929,931,0.0535,0.1625,0.0408
926,932,0.0605,0.229,0.062
930,931,0.00994,0.0378,0.00986
931,932,0.014,0.0547,0.01434
931,933,0.053,0.183,0.0472
931,934,0.0261,0.0703,0.01844
932,933,0.053,0.183,0.0472
934,935,0.0105,0.0288,0.0076
929,936,0.03906,0.1813,0.0461
935,936,0.0278,0.0762,0.0202
936,937,0.022,0.0755,0.02
936,938,0.0247,0.064,0.062
843,939,0.00913,0.0301,0.00768
858,939,0.0615,0.203,0.0518
858,940,0.0135,0.0612,0.01628
853,941,0.0164,0.0741,0.01972
940,941,0.0023,0.0104,0.00276
894,942,0.00034,0.00405,0.164
838,943,0.0329,0.14,0.0358
901,944,0.0145,0.0481,0.01198
902,944,0.0164,0.0544,0.01356
945,946,0.0303,0.0999,0.0254
945,947,0.0129,0.0424,0.01082
948,949,0.00176,0.00798,0.0021
947,949,0.0241,0.108,0.0284
949,950,0.0119,0.054,0.01426
950,951,0.00459,0.0208,0.0055
952,953,0.00244,0.0305,1.162
952,949,0,0.0267,0
953,954,0.00258,0.0322,1.23
948,955,0.0209,0.0688,0.01748
949,955,0.0203,0.0682,0.01738
955,956,0.00595,0.0196,0.00502
946,956,0.0187,0.0616,0.01572
947,956,0.0484,0.16,0.0406
951,956,0.00862,0.034,0.00874
955,957,0.02225,0.0731,0.01876
956,958,0.0215,0.0707,0.01816
957,959,0.0744,0.2444,0.06268
958,959,0.0595,0.195,0.0502
956,960,0.0212,0.0834,0.0214
959,961,0.0132,0.0437,0.0444
960,961,0.0454,0.1801,0.0466
961,962,0.0123,0.0505,0.01298
962,963,0.01119,0.0493,0.01142
963,964,0.0252,0.117,0.0298
959,963,0.012,0.0394,0.0101
964,965,0.0183,0.0849,0.0216
965,966,0.0209,0.097,0.0246
966,967,0.0342,0.159,0.0404
967,968,0.0135,0.0492,0.0498
967,969,0.0156,0.08,0.0864
970,969,0,0.0382,0
969,971,0.0318,0.163,0.1764
971,972,0.01913,0.0855,0.0216
972,973,0.0237,0.0943,0.0238
974,961,0,0.0388,0
952,974,0.00431,0.0504,0.514
970,974,0.00799,0.086,0.908
961,975,0.0474,0.1563,0.0399
973,975,0.0108,0.0331,0.0083
967,976,0.0317,0.1153,0.1173
975,976,0.0298,0.0985,0.0251
971,976,0.0229,0.0755,0.01926
959,977,0.038,0.1244,0.03194
963,978,0.0752,0.247,0.0632
979,980,0.00224,0.0102,0.00268
979,981,0.011,0.0497,0.01318
977,981,0.0415,0.142,0.0366
978,980,0.00871,0.0268,0.00568
978,981,0.00256,0.0094,0.00984
982,981,0,0.0375,0
981,983,0.0321,0.106,0.027
981,984,0.0593,0.168,0.042
974,982,0.00464,0.054,0.422
983,984,0.0184,0.0605,0.01552
984,985,0.0145,0.0487,0.01222
984,986,0.0555,0.183,0.0466
985,986,0.041,0.135,0.0344
987,988,0.0608,0.2454,0.06068
978,987,0.0413,0.1681,0.04226
988,989,0.0224,0.0901,0.0224
989,990,0.04,0.1356,0.0332
990,991,0.038,0.127,0.0316
990,992,0.0601,0.189,0.0472
991,993,0.0191,0.0625,0.01604
986,993,0.0715,0.323,0.086
986,993,0.0715,0.323,0.086
989,993,0.0684,0.186,0.0444
992,993,0.0179,0.0505,0.01258
993,994,0.0267,0.0752,0.01874
993,995,0.0486,0.137,0.0342
995,996,0.0203,0.0588,0.01396
996,997,0.0405,0.1635,0.04058
997,998,0.0263,0.122,0.031
993,998,0.073,0.289,0.0738
993,998,0.0869,0.291,0.073
998,999,0.0169,0.0707,0.0202
998,1000,0.00275,0.00955,0.00732
999,1000,0.00488,0.0151,0.00374
1000,1001,0.0343,0.0966,0.0242
994,1001,0.0474,0.134,0.0332
1000,1002,0.0343,0.0966,0.0242
995,1002,0.0255,0.0719,0.01788
998,1003,0.0503,0.2293,0.0598
1000,1003,0.0825,0.251,0.0569
1000,1003,0.0803,0.239,0.0536
999,1003,0.04739,0.2158,0.05646
1003,1004,0.0317,0.145,0.0376
1003,1005,0.0328,0.15,0.0388
1004,1005,0.00264,0.0135,0.01456
1004,1006,0.0123,0.0561,0.01468
1005,1006,0.00824,0.0376,0.0098
1007,1003,0,0.0386,0
1007,1008,0.00172,0.02,0.216
1008,1005,0,0.0268,0
982,1009,0.00901,0.0986,1.046
1008,1009,0.00269,0.0302,0.38
993,1010,0.018,0.0919,0.0248
993,1010,0.018,0.0919,0.0248
1006,1010,0.0482,0.218,0.0578
1006,1011,0.0258,0.117,0.031
1009,1010,0,0.037,0
1010,1011,0.0224,0.1015,0.02682
1009,1012,0.00138,0.016,0.638
991,1013,0.0844,0.2778,0.07092
993,1013,0.0985,0.324,0.0828
1012,1013,0,0.037,0
1013,1014,0.03,0.127,0.122
968,1014,0.00221,0.4115,0.10198
1014,1015,0.00882,0.0355,0.00878
968,1016,0.0488,0.196,0.0488
1015,1016,0.0446,0.18,0.04444
1015,1017,0.00866,0.0454,0.01178
1014,1018,0.0401,0.1323,0.03368
1014,1019,0.0428,0.141,0.036
1013,1019,0.0405,0.122,0.124
1018,1019,0.0123,0.0406,0.01034
1020,1021,0.0444,0.148,0.0368
1013,1021,0.0309,0.101,0.1038
1019,1021,0.0601,0.1999,0.04978
1021,1022,0.00376,0.0124,0.01264
1022,1023,0.00546,0.0244,0.00648
1021,1024,0.017,0.0485,0.0472
1021,1024,0.0294,0.105,0.0228
1023,1024,0.0156,0.0704,0.0187
1012,1025,0.00175,0.0202,0.808
1025,1024,0,0.037,0
1021,1026,0.0298,0.0853,0.08174
1026,1027,0.0112,0.03665,0.03796
1027,1028,0.0625,0.132,0.0258
1027,1029,0.043,0.148,0.0348
1028,1029,0.0302,0.0641,0.01234
1029,1030,0.035,0.123,0.0276
1030,1031,0.02828,0.2074,0.0445
1029,1032,0.02,0.102,0.0276
1029,1033,0.0239,0.173,0.047
1032,1033,0.0139,0.0712,0.01934
1033,1034,0.0518,0.188,0.0528
1033,1034,0.0238,0.0997,0.106
1034,1035,0.0254,0.0836,0.0214
1033,1036,0.0099,0.0505,0.0548
1033,1036,0.0393,0.1581,0.0414
1035,1036,0.0387,0.1272,0.03268
1036,1037,0.0258,0.0848,0.0218
1036,1038,0.0481,0.158,0.0406
1037,1038,0.0223,0.0732,0.01876
1038,1039,0.0132,0.0434,0.0111
1024,1040,0.0356,0.182,0.0494
1026,1040,0.0162,0.053,0.0544
1038,1040,0.0269,0.0869,0.023
1024,1041,0.0183,0.0934,0.0254
1024,1042,0.0238,0.108,0.0286
1024,1043,0.0454,0.206,0.0546
1036,1044,0.0648,0.295,0.0472
1038,1044,0.0178,0.058,0.0604
1039,1040,0.0171,0.0547,0.01474
1040,1041,0.0173,0.0885,0.024
1042,1044,0.0397,0.179,0.0476
1043,1044,0.018,0.0813,0.0216
1044,1045,0.0277,0.1262,0.0328
1036,1046,0.0123,0.0559,0.01464
1045,1046,0.0246,0.112,0.0294
1044,1047,0.016,0.0525,0.0536
1044,1048,0.0451,0.204,0.0541
1047,1048,0.0466,0.1584,0.0407
1047,1049,0.0535,0.1625,0.0408
1044,1050,0.0605,0.229,0.062
1048,1049,0.00994,0.0378,0.00986
1049,1050,0.014,0.0547,0.01434
1049,1051,0.053,0.183,0.0472
1049,1052,0.0261,0.0703,0.01844
1050,1051,0.053,0.183,0.0472
1052,1053,0.0105,0.0288,0.0076
1047,1054,0.03906,0.1813,0.0461
1053,1054,0.0278,0.0762,0.0202
1054,1055,0.022,0.0755,0.02
1054,1056,0.0247,0.064,0.062
961,1057,0.00913,0.0301,0.00768
976,1057,0.0615,0.203,0.0518
976,1058,0.0135,0.0612,0.01628
971,1059,0.0164,0.0741,0.01972
1058,1059,0.0023,0.0104,0.00276
1012,1060,0.00034,0.00405,0.164
956,1061,0.0329,0.14,0.0358
1019,1062,0.0145,0.0481,0.01198
1020,1062,0.0164,0.0544,0.01356
1063,1064,0.0303,0.0999,0.0254
1063,1065,0.0129,0.0424,0.01082
1066,1067,0.00176,0.00798,0.0021
1065,1067,0.0241,0.108,0.0284
1067,1068,0.0119,0.054,0.01426
1068,1069,0.00459,0.0208,0.0055
1070,1071,0.00244,0.0305,1.162
1070,1067,0,0.0267,0
1071,1072,0.00258,0.0322,1.23
1066,1073,0.0209,0.0688,0.01748
1067,1073,0.0203,0.0682,0.01738
1073,1074,0.00595,0.0196,0.00502
1064,1074,0.0187,0.0616,0.01572
1065,1074,0.0484,0.16,0.0406
1069,1074,0.00862,0.034,0.00874
1073,1075,0.02225,0.0731,0.01876
1074,1076,0.0215,0.0707,0.01816
1075,1077,0.0744,0.2444,0.06268
1076,1077,0.0595,0.195,0.0502
1074,1078,0.0212,0.0834,0.0214
1077,1079,0.0132,0.0437,0.0444
1078,1079,0.0454,0.1801,0.0466
1079,1080,0.0123,0.0505,0.01298
1080,1081,0.01119,0.0493,0.01142
1081,1082,0.0252,0.117,0.0298
1077,1081,0.012,0.0394,0.0101
1082,1083,0.0183,0.0849,0.0216
1083,1084,0.0209,0.097,0.0246
1084,1085,0.0342,0.159,0.0404
1085,1086,0.0135,0.0492,0.0498
1085,1087,0.0156,0.08,0.0864
1088,1087,0,0.0382,0
1087,1089,0.0318,0.163,0.1764
1089,1090,0.01913,0.0855,0.0216
1090,1091,0.0237,0.0943,0.0238
1092,1079,0,0.0388,0
1070,1092,0.00431,0.0504,0.514
1088,1092,0.00799,0.086,0.908
1079,1093,0.0474,0.1563,0.0399
1091,1093,0.0108,0.0331,0.0083
1085,1094,0.0317,0.1153,0.1173
1093,1094,0.0298,0.0985,0.0251
1089,1094,0.0229,0.0755,0.01926
1077,1095,0.038,0.1244,0.03194
1081,1096,0.0752,0.247,0.0632
1097,1098,0.00224,0.0102,0.00268
1097,1099,0.011,0.0497,0.01318
1095,1099,0.0415,0.142,0.0366
1096,1098,0.00871,0.0268,0.00568
1096,1099,0.00256,0.0094,0.00984
1100,1099,0,0.0375,0
1099,1101,0.0321,0.106,0.027
1099,1102,0.0593,0.168,0.042
1092,1100,0.00464,0.054,0.422
1101,1102,0.0184,0.0605,0.01552
1102,1103,0.0145,0.0487,0.01222
1102,1104,0.0555,0.183,0.0466
1103,1104,0.041,0.135,0.0344
1105,1106,0.0608,0.2454,0.06068
1096,1105,0.0413,0.1681,0.04226
1106,1107,0.0224,0.0901,0.0224
1107,1108,0.04,0.1356,0.0332
1108,1109,0.038,0.127,0.0316
1108,1110,0.0601,0.189,0.0472
1109,1111,0.0191,0.0625,0.01604
1104,1111,0.0715,0.323,0.086
1104,1111,0.0715,0.323,0.086
1107,1111,0.0684,0.186,0.0444
1110,1111,0.0179,0.0505,0.01258
1111,1112,0.0267,0.0752,0.01874
1111,1113,0.0486,0.137,0.0342
1113,1114,0.0203,0.0588,0.01396
1114,1115,0.0405,0.1635,0.04058
1115,1116,0.0263,0.122,0.031
1111,1116,0.073,0.289,0.0738
1111,1116,0.0869,0.291,0.073
1116,1117,0.0169,0.0707,0.0202
1116,1118,0.00275,0.00955,0.00732
1117,1118,0.00488,0.0151,0.00374
1118,1119,0.0343,0.0966,0.0242
1112,1119,0.0474,0.134,0.0332
1118,1120,0.0343,0.0966,0.0242
1113,1120,0.0255,0.0719,0.01788
1116,1121,0.0503,0.2293,0.0598
1118,1121,0.0825,0.251,0.0569
1118,1121,0.0803,0.239,0.0536
1117,1121,0.04739,0.2158,0.05646
1121,1122,0.0317,0.145,0.0376
1121,1123,0.0328,0.15,0.0388
1122,1123,0.00264,0.0135,0.01456
1122,1124,0.0123,0.0561,0.01468
1123,1124,0.00824,0.0376,0.0098
1125,1121,0,0.0386,0
1125,1126,0.00172,0.02,0.216
1126,1123,0,0.0268,0
1100,1127,0.00901,0.0986,1.046
1126,1127,0.00269,0.0302,0.38
1111,1128,0.018,0.0919,0.0248
1111,1128,0.018,0.0919,0.0248
1124,1128,0.0482,0.218,0.0578
1124,1129,0.0258,0.117,0.031
1127,1128,0,0.037,0
1128,1129,0.0224,0.1015,0.02682
1127,1130,0.00138,0.016,0.638
1109,1131,0.0844,0.2778,0.07092
1111,1131,0.0985,0.324,0.0828
1130,1131,0,0.037,0
1131,1132,0.03,0.127,0.122
1086,1132,0.00221,0.4115,0.10198
1132,1133,0.00882,0.0355,0.00878
1086,1134,0.0488,0.196,0.0488
1133,1134,0.0446,0.18,0.04444
1133,1135,0.00866,0.0454,0.01178
1132,1136,0.0401,0.1323,0.03368
1132,1137,0.0428,0.141,0.036
1131,1137,0.0405,0.122,0.124
1136,1137,0.0123,0.0406,0.01034
1138,1139,0.0444,0.148,0.0368
1131,1139,0.0309,0.101,0.1038
1137,1139,0.0601,0.1999,0.04978
1139,1140,0.00376,0.0124,0.01264
1140,1141,0.00546,0.0244,0.00648
1139,1142,0.017,0.0485,0.0472
1139,1142,0.0294,0.105,0.0228
1141,1142,0.0156,0.0704,0.0187
1130,1143,0.00175,0.0202,0.808
1143,1142,0,0.037,0
1139,1144,0.0298,0.0853,0.08174
1144,1145,0.0112,0.03665,0.03796
1145,1146,0.0625,0.132,0.0258
1145,1147,0.043,0.148,0.0348
1146,1147,0.0302,0.0641,0.01234
1147,1148,0.035,0.123,0.0276
1148,1149,0.02828,0.2074,0.0445
1147,1150,0.02,0.102,0.0276
1147,1151,0.0239,0.173,0.047
1150,1151,0.0139,0.0712,0.01934
1151,1152,0.0518,0.188,0.0528
1151,1152,0.0238,0.0997,0.106
1152,1153,0.0254,0.0836,0.0214
1151,1154,0.0099,0.0505,0.0548
1151,1154,0.0393,0.1581,0.0414
1153,1154,0.0387,0.1272,0.03268
1154,1155,0.0258,0.0848,0.0218
1154,1156,0.0481,0.158,0.0406
1155,1156,0.0223,0.0732,0.01876
1156,1157,0.0132,0.0434,0.0111
1142,1158,0.0356,0.182,0.0494
1144,1158,0.0162,0.053,0.0544
1156,1158,0.0269,0.0869,0.023
1142,1159,0.0183,0.0934,0.0254
1142,1160,0.0238,0.108,0.0286
1142,1161,0.0454,0.206,0.0546
1154,1162,0.0648,0.295,0.0472
1156,1162,0.0178,0.058,0.0604
1157,1158,0.0171,0.0547,0.01474
1158,1159,0.0173,0.0885,0.024
1160,1162,0.0397,0.179,0.0476
1161,1162,0.018,0.0813,0.0216
1162,1163,0.0277,0.1262,0.0328
1154,1164,0.0123,0.0559,0.01464
1163,1164,0.0246,0.112,0.0294
1162,1165,0.016,0.0525,0.0536
1162,1166,0.0451,0.204,0.0541
1165,1166,0.0466,0.1584,0.0407
1165,1167,0.0535,0.1625,0.0408
1162,1168,0.0605,0.229,0.062
1166,1167,0.00994,0.0378,0.00986
1167,1168,0.014,0.0547,0.01434
1167,1169,0.053,0.183,0.0472
1167,1170,0.0261,0.0703,0.01844
1168,1169,0.053,0.183,0.0472
1170,1171,0.0105,0.0288,0.0076
1165,1172,0.03906,0.1813,0.0461
1171,1172,0.0278,0.0762,0.0202
1172,1173,0.022,0.0755,0.02
1172,1174,0.0247,0.064,0.062
1079,1175,0.00913,0.0301,0.00768
1094,1175,0.0615,0.203,0.0518
1094,1176,0.0135,0.0612,0.01628
1089,1177,0.0164,0.0741,0.01972
1176,1177,0.0023,0.0104,0.00276
1130,1178,0.00034,0.00405,0.164
1074,1179,0.0329,0.14,0.0358
1137,1180,0.0145,0.0481,0.01198
1138,1180,0.0164,0.0544,0.01356
26,190,0.001,0.05,0
89,255,0.001,0.05,0
107,241,0.001,0.05,0
7,238,0.001,0.05,0
168,293,0.001,0.05,0
208,368,0.001,0.05,0
139,259,0.001,0.05,0
231,369,0.001,0.05,0
277,481,0.001,0.05,0
278,449,0.001,0.05,0
289,442,0.001,0.05,0
266,406,0.001,0.05,0
391,531,0.001,0.05,0
429,621,0.001,0.05,0
380,508,0.001,0.05,0
362,572,0.001,0.05,0
533,702,0.001,0.05,0
537,691,0.001,0.05,0
530,708,0.001,0.05,0
494,706,0.001,0.05,0
632,795,0.001,0.05,0
612,793,0.001,0.05,0
667,896,0.001,0.05,0
605,788,0.001,0.05,0
753,940,0.001,0.05,0
801,955,0.001,0.05,0
770,915,0.001,0.05,0
726,867,0.001,0.05,0
917,1055,0.001,0.05,0
917,1086,0.001,0.05,0
907,1134,0.001,0.05,0
893,1033,0.001,0.05,0
955,1180,0.001,0.05,0
1010,1141,0.001,0.05,0
1032,1180,0.001,0.05,0
992,1141,0.001,0.05,0
